ID	Year	Latitude	Longitude	Production
1	2014	-9,68089	-36	424119,2778
2	2014	-9,776144	-36	424119,2778
3	2015	-9,68089	-36	322128,1111
4	2015	-9,776144	-36	322128,1111
5	2016	-9,68089	-36	236892,7222
6	2016	-9,776144	-36	236892,7222
7	2017	-9,68089	-36	144791,4444
8	2017	-9,776144	-36	144791,4444
9	2018	-9,68089	-36	138169,1667
10	2018	-9,776144	-36	138169,1667
11	2019	-9,68089	-36	240829
12	2019	-9,776144	-36	240829
13	2020	-9,68089	-36	256281,1667
14	2020	-9,776144	-36	256281,1667
15	2021	-9,68089	-36	231124,6667
16	2021	-9,776144	-36	231124,6667
17	2022	-9,68089	-36	113181,7222
18	2022	-9,776144	-36	113181,7222
19	2014	-3,094023	-60	319290,5
20	2014	-3,14782	-60	319290,5
21	2015	-3,094023	-60	333489
22	2015	-3,14782	-60	333489
23	2016	-3,094023	-60	320502,5
24	2016	-3,14782	-60	320502,5
25	2017	-3,094023	-60	279614
26	2017	-3,14782	-60	279614
27	2018	-3,094023	-60	172409,2143
28	2018	-3,14782	-60	172409,2143
29	2019	-3,094023	-60	184693,3571
30	2019	-3,14782	-60	184693,3571
31	2020	-3,094023	-60	313472
32	2020	-3,14782	-60	313472
33	2021	-3,094023	-60	238853
34	2021	-3,14782	-60	238853
35	2022	-3,094023	-60	140653,2857
36	2022	-3,14782	-60	140653,2857
37	2014	-14,199543	-42	384420,1389
38	2014	-10,518571	-40	384420,1389
39	2014	-13,811128	-41	384420,1389
40	2014	-12,718323	-38	384420,1389
41	2015	-14,199543	-42	382548,5556
42	2015	-10,518571	-40	382548,5556
43	2015	-13,811128	-41	382548,5556
44	2015	-12,718323	-38	382548,5556
45	2016	-14,199543	-42	325882,6111
46	2016	-10,518571	-40	325882,6111
47	2016	-13,811128	-41	325882,6111
48	2016	-12,718323	-38	325882,6111
49	2017	-14,199543	-42	311090,2222
50	2017	-10,518571	-40	311090,2222
51	2017	-13,811128	-41	311090,2222
52	2017	-12,718323	-38	311090,2222
53	2018	-14,199543	-42	316128,5833
54	2018	-10,518571	-40	316128,5833
55	2018	-13,811128	-41	316128,5833
56	2018	-12,718323	-38	316128,5833
57	2019	-14,199543	-42	344023,5
58	2019	-10,518571	-40	344023,5
59	2019	-13,811128	-41	344023,5
60	2019	-12,718323	-38	344023,5
61	2020	-14,199543	-42	339137,0833
62	2020	-10,518571	-40	339137,0833
63	2020	-13,811128	-41	339137,0833
64	2020	-12,718323	-38	339137,0833
65	2021	-14,199543	-42	345100,8333
66	2021	-10,518571	-40	345100,8333
67	2021	-13,811128	-41	345100,8333
68	2021	-12,718323	-38	345100,8333
69	2022	-14,199543	-42	198735,1111
70	2022	-10,518571	-40	198735,1111
71	2022	-13,811128	-41	198735,1111
72	2022	-12,718323	-38	198735,1111
73	2014	-3,666527	-39	549675,5111
74	2014	-5,042383	-38	549675,5111
75	2014	-7,333723	-39,305889	549675,5111
76	2014	-3,653844	-39	549675,5111
77	2014	-3,690606	-40	549675,5111
78	2015	-3,666527	-39	577943,8444
79	2015	-5,042383	-38	577943,8444
80	2015	-7,333723	-39,305889	577943,8444
81	2015	-3,653844	-39	577943,8444
82	2015	-3,690606	-40	577943,8444
83	2016	-3,666527	-39	549275,6889
84	2016	-5,042383	-38	549275,6889
85	2016	-7,333723	-39,305889	549275,6889
86	2016	-3,653844	-39	549275,6889
87	2016	-3,690606	-40	549275,6889
88	2017	-3,666527	-39	523931,7778
89	2017	-5,042383	-38	523931,7778
90	2017	-7,333723	-39,305889	523931,7778
91	2017	-3,653844	-39	523931,7778
92	2017	-3,690606	-40	523931,7778
93	2018	-3,666527	-39	488982,8667
94	2018	-5,042383	-38	488982,8667
95	2018	-7,333723	-39,305889	488982,8667
96	2018	-3,653844	-39	488982,8667
97	2018	-3,690606	-40	488982,8667
98	2019	-3,666527	-39	488356,2
99	2019	-5,042383	-38	488356,2
100	2019	-7,333723	-39,305889	488356,2
101	2019	-3,653844	-39	488356,2
102	2019	-3,690606	-40	488356,2
103	2020	-3,666527	-39	527980,4667
104	2020	-5,042383	-38	527980,4667
105	2020	-7,333723	-39,305889	527980,4667
106	2020	-3,653844	-39	527980,4667
107	2020	-3,690606	-40	527980,4667
108	2021	-3,666527	-39	620083,6667
109	2021	-5,042383	-38	620083,6667
110	2021	-7,333723	-39,305889	620083,6667
111	2021	-3,653844	-39	620083,6667
112	2021	-3,690606	-40	620083,6667
113	2022	-3,666527	-39	329655,4889
114	2022	-5,042383	-38	329655,4889
115	2022	-7,333723	-39,305889	329655,4889
116	2022	-3,653844	-39	329655,4889
117	2022	-3,690606	-40	329655,4889
118	2014	-15,572222	-48	2218585
119	2014	-15,586358	-48	2218585
120	2015	-15,572222	-48	2034149
121	2015	-15,586358	-48	2034149
122	2016	-15,572222	-48	1470814
123	2016	-15,586358	-48	1470814
124	2017	-15,572222	-48	1310132,5
125	2017	-15,586358	-48	1310132,5
126	2018	-15,572222	-48	1263874
127	2018	-15,586358	-48	1263874
128	2019	-15,572222	-48	1225377
129	2019	-15,586358	-48	1225377
130	2020	-15,572222	-48	1429955,5
131	2020	-15,586358	-48	1429955,5
132	2021	-15,572222	-48	1540270
133	2021	-15,586358	-48	1540270
134	2022	-15,572222	-48	865677,5
135	2022	-15,586358	-48	865677,5
136	2014	-20,786199	-41,117609	1061470
137	2014	-20,189102	-40	1061470
138	2014	-20,261634	-40	1061470
139	2015	-20,786199	-41,117609	1036713,667
140	2015	-20,189102	-40	1036713,667
141	2015	-20,261634	-40	1036713,667
142	2016	-20,786199	-41,117609	994034
143	2016	-20,189102	-40	994034
144	2016	-20,261634	-40	994034
145	2017	-20,786199	-41,117609	930389,6667
146	2017	-20,189102	-40	930389,6667
147	2017	-20,261634	-40	930389,6667
148	2018	-20,786199	-41,117609	616284
149	2018	-20,189102	-40	616284
150	2018	-20,261634	-40	616284
151	2019	-20,786199	-41,117609	534917
152	2019	-20,189102	-40	534917
153	2019	-20,261634	-40	534917
154	2020	-20,786199	-41,117609	599084,3333
155	2020	-20,189102	-40	599084,3333
156	2020	-20,261634	-40	599084,3333
157	2021	-20,786199	-41,117609	658945,3333
158	2021	-20,189102	-40	658945,3333
159	2021	-20,261634	-40	658945,3333
160	2022	-20,786199	-41,117609	373159
161	2022	-20,189102	-40	373159
162	2022	-20,261634	-40	373159
163	2014	-17,008898	-50	539117,6667
164	2014	-15,787776	-49	539117,6667
165	2014	-17,260086	-50	539117,6667
166	2015	-17,008898	-50	442294
167	2015	-15,787776	-49	442294
168	2015	-17,260086	-50	442294
169	2016	-17,008898	-50	356601,6667
170	2016	-15,787776	-49	356601,6667
171	2016	-17,260086	-50	356601,6667
172	2017	-17,008898	-50	495328,6667
173	2017	-15,787776	-49	495328,6667
174	2017	-17,260086	-50	495328,6667
175	2018	-17,008898	-50	571921,3333
176	2018	-15,787776	-49	571921,3333
177	2018	-17,260086	-50	571921,3333
178	2019	-17,008898	-50	639901,6667
179	2019	-15,787776	-49	639901,6667
180	2019	-17,260086	-50	639901,6667
181	2020	-17,008898	-50	673322
182	2020	-15,787776	-49	673322
183	2020	-17,260086	-50	673322
184	2021	-17,008898	-50	745606,6667
185	2021	-15,787776	-49	745606,6667
186	2021	-17,260086	-50	745606,6667
187	2022	-17,008898	-50	426453,6667
188	2022	-15,787776	-49	426453,6667
189	2022	-17,260086	-50	426453,6667
190	2014	-2,657102	-44	164839,3111
191	2014	-4,893095	-47	164839,3111
192	2014	-2,911047	-44	164839,3111
193	2014	-4,524981	-44	164839,3111
194	2014	-2,63764	-44	164839,3111
195	2015	-2,657102	-44	170859,6444
196	2015	-4,893095	-47	170859,6444
197	2015	-2,911047	-44	170859,6444
198	2015	-4,524981	-44	170859,6444
199	2015	-2,63764	-44	170859,6444
200	2016	-2,657102	-44	161040,0889
201	2016	-4,893095	-47	161040,0889
202	2016	-2,911047	-44	161040,0889
203	2016	-4,524981	-44	161040,0889
204	2016	-2,63764	-44	161040,0889
205	2017	-2,657102	-44	125197,5778
206	2017	-4,893095	-47	125197,5778
207	2017	-2,911047	-44	125197,5778
208	2017	-4,524981	-44	125197,5778
209	2017	-2,63764	-44	125197,5778
210	2018	-2,657102	-44	108480,0667
211	2018	-4,893095	-47	108480,0667
212	2018	-2,911047	-44	108480,0667
213	2018	-4,524981	-44	108480,0667
214	2018	-2,63764	-44	108480,0667
215	2019	-2,657102	-44	99624,2
216	2019	-4,893095	-47	99624,2
217	2019	-2,911047	-44	99624,2
218	2019	-4,524981	-44	99624,2
219	2019	-2,63764	-44	99624,2
220	2020	-2,657102	-44	98606,86667
221	2020	-4,893095	-47	98606,86667
222	2020	-2,911047	-44	98606,86667
223	2020	-4,524981	-44	98606,86667
224	2020	-2,63764	-44	98606,86667
225	2021	-2,657102	-44	98896,66667
226	2021	-4,893095	-47	98896,66667
227	2021	-2,911047	-44	98896,66667
228	2021	-4,524981	-44	98896,66667
229	2021	-2,63764	-44	98896,66667
230	2022	-2,657102	-44	51144,28889
231	2022	-4,893095	-47	51144,28889
232	2022	-2,911047	-44	51144,28889
233	2022	-4,524981	-44	51144,28889
234	2022	-2,63764	-44	51144,28889
235	2014	-15,332621	-56	858584
236	2014	-14,64112	-56	858584
237	2015	-15,332621	-56	679656
238	2015	-14,64112	-56	679656
239	2016	-15,332621	-56	520614
240	2016	-14,64112	-56	520614
241	2017	-15,332621	-56	517019
242	2017	-14,64112	-56	517019
243	2018	-15,332621	-56	587895,5
244	2018	-14,64112	-56	587895,5
245	2019	-15,332621	-56	564081,5
246	2019	-14,64112	-56	564081,5
247	2020	-15,332621	-56	637126,5
248	2020	-14,64112	-56	637126,5
249	2021	-15,332621	-56	701117
250	2021	-14,64112	-56	701117
251	2022	-15,332621	-56	422283
252	2022	-14,64112	-56	422283
253	2014	-20,475128	-57	439098,5
254	2014	-19,004609	-58	439098,5
255	2015	-20,475128	-57	425370,5
256	2015	-19,004609	-58	425370,5
257	2016	-20,475128	-57	367180,5
258	2016	-19,004609	-58	367180,5
259	2017	-20,475128	-57	318514
260	2017	-19,004609	-58	318514
261	2018	-20,475128	-57	308401
262	2018	-19,004609	-58	308401
263	2019	-20,475128	-57	350291,5
264	2019	-19,004609	-58	350291,5
265	2020	-20,475128	-57	416239,5
266	2020	-19,004609	-58	416239,5
267	2021	-20,475128	-57	453629,5
268	2021	-19,004609	-58	453629,5
269	2022	-20,475128	-57	270315
270	2022	-19,004609	-58	270315
271	2014	-19,495304	-44	1060976,938
272	2014	-20,387358	-46	1060976,938
273	2014	-19,685616	-44	1060976,938
274	2014	-19,540672	-44	1060976,938
275	2014	-20,31549	-46	1060976,938
276	2014	-19,810599	-44	1060976,938
277	2014	-20,315384	-46	1060976,938
278	2014	-21,193017	-45	1060976,938
279	2014	-19,627601	-44	1060976,938
280	2014	-19,476597	-42	1060976,938
281	2014	-21,182722	-44	1060976,938
282	2014	-16,680796	-44	1060976,938
283	2014	-19,608196	-44	1060976,938
284	2014	-19,810343	-44	1060976,938
285	2014	-20,899453	-44	1060976,938
286	2014	-20,761326	-47	1060976,938
287	2015	-19,495304	-44	937520,625
288	2015	-20,387358	-46	937520,625
289	2015	-19,685616	-44	937520,625
290	2015	-19,540672	-44	937520,625
291	2015	-20,31549	-46	937520,625
292	2015	-19,810599	-44	937520,625
293	2015	-20,315384	-46	937520,625
294	2015	-21,193017	-45	937520,625
295	2015	-19,627601	-44	937520,625
296	2015	-19,476597	-42	937520,625
297	2015	-21,182722	-44	937520,625
298	2015	-16,680796	-44	937520,625
299	2015	-19,608196	-44	937520,625
300	2015	-19,810343	-44	937520,625
301	2015	-20,899453	-44	937520,625
302	2015	-20,761326	-47	937520,625
303	2016	-19,495304	-44	826616,5625
304	2016	-20,387358	-46	826616,5625
305	2016	-19,685616	-44	826616,5625
306	2016	-19,540672	-44	826616,5625
307	2016	-20,31549	-46	826616,5625
308	2016	-19,810599	-44	826616,5625
309	2016	-20,315384	-46	826616,5625
310	2016	-21,193017	-45	826616,5625
311	2016	-19,627601	-44	826616,5625
312	2016	-19,476597	-42	826616,5625
313	2016	-21,182722	-44	826616,5625
314	2016	-16,680796	-44	826616,5625
315	2016	-19,608196	-44	826616,5625
316	2016	-19,810343	-44	826616,5625
317	2016	-20,899453	-44	826616,5625
318	2016	-20,761326	-47	826616,5625
319	2017	-19,495304	-44	804678,125
320	2017	-20,387358	-46	804678,125
321	2017	-19,685616	-44	804678,125
322	2017	-19,540672	-44	804678,125
323	2017	-20,31549	-46	804678,125
324	2017	-19,810599	-44	804678,125
325	2017	-20,315384	-46	804678,125
326	2017	-21,193017	-45	804678,125
327	2017	-19,627601	-44	804678,125
328	2017	-19,476597	-42	804678,125
329	2017	-21,182722	-44	804678,125
330	2017	-16,680796	-44	804678,125
331	2017	-19,608196	-44	804678,125
332	2017	-19,810343	-44	804678,125
333	2017	-20,899453	-44	804678,125
334	2017	-20,761326	-47	804678,125
335	2018	-19,495304	-44	862279,125
336	2018	-20,387358	-46	862279,125
337	2018	-19,685616	-44	862279,125
338	2018	-19,540672	-44	862279,125
339	2018	-20,31549	-46	862279,125
340	2018	-19,810599	-44	862279,125
341	2018	-20,315384	-46	862279,125
342	2018	-21,193017	-45	862279,125
343	2018	-19,627601	-44	862279,125
344	2018	-19,476597	-42	862279,125
345	2018	-21,182722	-44	862279,125
346	2018	-16,680796	-44	862279,125
347	2018	-19,608196	-44	862279,125
348	2018	-19,810343	-44	862279,125
349	2018	-20,899453	-44	862279,125
350	2018	-20,761326	-47	862279,125
351	2019	-19,495304	-44	995014,625
352	2019	-20,387358	-46	995014,625
353	2019	-19,685616	-44	995014,625
354	2019	-19,540672	-44	995014,625
355	2019	-20,31549	-46	995014,625
356	2019	-19,810599	-44	995014,625
357	2019	-20,315384	-46	995014,625
358	2019	-21,193017	-45	995014,625
359	2019	-19,627601	-44	995014,625
360	2019	-19,476597	-42	995014,625
361	2019	-21,182722	-44	995014,625
362	2019	-16,680796	-44	995014,625
363	2019	-19,608196	-44	995014,625
364	2019	-19,810343	-44	995014,625
365	2019	-20,899453	-44	995014,625
366	2019	-20,761326	-47	995014,625
367	2020	-19,495304	-44	996771,5
368	2020	-20,387358	-46	996771,5
369	2020	-19,685616	-44	996771,5
370	2020	-19,540672	-44	996771,5
371	2020	-20,31549	-46	996771,5
372	2020	-19,810599	-44	996771,5
373	2020	-20,315384	-46	996771,5
374	2020	-21,193017	-45	996771,5
375	2020	-19,627601	-44	996771,5
376	2020	-19,476597	-42	996771,5
377	2020	-21,182722	-44	996771,5
378	2020	-16,680796	-44	996771,5
379	2020	-19,608196	-44	996771,5
380	2020	-19,810343	-44	996771,5
381	2020	-20,899453	-44	996771,5
382	2020	-20,761326	-47	996771,5
383	2021	-19,495304	-44	1044172,375
384	2021	-20,387358	-46	1044172,375
385	2021	-19,685616	-44	1044172,375
386	2021	-19,540672	-44	1044172,375
387	2021	-20,31549	-46	1044172,375
388	2021	-19,810599	-44	1044172,375
389	2021	-20,315384	-46	1044172,375
390	2021	-21,193017	-45	1044172,375
391	2021	-19,627601	-44	1044172,375
392	2021	-19,476597	-42	1044172,375
393	2021	-21,182722	-44	1044172,375
394	2021	-16,680796	-44	1044172,375
395	2021	-19,608196	-44	1044172,375
396	2021	-19,810343	-44	1044172,375
397	2021	-20,899453	-44	1044172,375
398	2021	-20,761326	-47	1044172,375
399	2022	-19,495304	-44	577745,9375
400	2022	-20,387358	-46	577745,9375
401	2022	-19,685616	-44	577745,9375
402	2022	-19,540672	-44	577745,9375
403	2022	-20,31549	-46	577745,9375
404	2022	-19,810599	-44	577745,9375
405	2022	-20,315384	-46	577745,9375
406	2022	-21,193017	-45	577745,9375
407	2022	-19,627601	-44	577745,9375
408	2022	-19,476597	-42	577745,9375
409	2022	-21,182722	-44	577745,9375
410	2022	-16,680796	-44	577745,9375
411	2022	-19,608196	-44	577745,9375
412	2022	-19,810343	-44	577745,9375
413	2022	-20,899453	-44	577745,9375
414	2022	-20,761326	-47	577745,9375
415	2014	-25,458566	-50	2067482,556
416	2014	-24,66823	-49	2067482,556
417	2014	-25,192063	-49	2067482,556
418	2015	-25,458566	-50	2009431,111
419	2015	-24,66823	-49	2009431,111
420	2015	-25,192063	-49	2009431,111
421	2016	-25,458566	-50	2103539,556
422	2016	-24,66823	-49	2103539,556
423	2016	-25,192063	-49	2103539,556
424	2017	-25,458566	-50	1951830,667
425	2017	-24,66823	-49	1951830,667
426	2017	-25,192063	-49	1951830,667
427	2018	-25,458566	-50	2004643,222
428	2018	-24,66823	-49	2004643,222
429	2018	-25,192063	-49	2004643,222
430	2019	-25,458566	-50	2057517
431	2019	-24,66823	-49	2057517
432	2019	-25,192063	-49	2057517
433	2020	-25,458566	-50	2296444,556
434	2020	-24,66823	-49	2296444,556
435	2020	-25,192063	-49	2296444,556
436	2021	-25,458566	-50	2626440
437	2021	-24,66823	-49	2626440
438	2021	-25,192063	-49	2626440
439	2022	-25,458566	-50	1482245,333
440	2022	-24,66823	-49	1482245,333
441	2022	-25,192063	-49	1482245,333
442	2014	-7,476009	-35	580800,3889
443	2014	-7,371946	-35	580800,3889
444	2014	-7,127164	-35	580800,3889
445	2014	-7,523418	-35	580800,3889
446	2015	-7,476009	-35	514111,8056
447	2015	-7,371946	-35	514111,8056
448	2015	-7,127164	-35	514111,8056
449	2015	-7,523418	-35	514111,8056
450	2016	-7,476009	-35	619387,1111
451	2016	-7,371946	-35	619387,1111
452	2016	-7,127164	-35	619387,1111
453	2016	-7,523418	-35	619387,1111
454	2017	-7,476009	-35	617123,2222
455	2017	-7,371946	-35	617123,2222
456	2017	-7,127164	-35	617123,2222
457	2017	-7,523418	-35	617123,2222
458	2018	-7,476009	-35	633090,3333
459	2018	-7,371946	-35	633090,3333
460	2018	-7,127164	-35	633090,3333
461	2018	-7,523418	-35	633090,3333
462	2019	-7,476009	-35	753547
463	2019	-7,371946	-35	753547
464	2019	-7,127164	-35	753547
465	2019	-7,523418	-35	753547
466	2020	-7,476009	-35	878952,0833
467	2020	-7,371946	-35	878952,0833
468	2020	-7,127164	-35	878952,0833
469	2020	-7,523418	-35	878952,0833
470	2021	-7,476009	-35	931137,5833
471	2021	-7,371946	-35	931137,5833
472	2021	-7,127164	-35	931137,5833
473	2021	-7,523418	-35	931137,5833
474	2022	-7,476009	-35	524544,3611
475	2022	-7,371946	-35	524544,3611
476	2022	-7,127164	-35	524544,3611
477	2022	-7,523418	-35	524544,3611
478	2014	-1,215072	-47	532307,3333
479	2014	-4,32251	-56	532307,3333
480	2014	-0,981969	-47	532307,3333
481	2015	-1,215072	-47	424080,3333
482	2015	-4,32251	-56	424080,3333
483	2015	-0,981969	-47	424080,3333
484	2016	-1,215072	-47	495466,3333
485	2016	-4,32251	-56	495466,3333
486	2016	-0,981969	-47	495466,3333
487	2017	-1,215072	-47	444354,6667
488	2017	-4,32251	-56	444354,6667
489	2017	-0,981969	-47	444354,6667
490	2018	-1,215072	-47	316918,8095
491	2018	-4,32251	-56	316918,8095
492	2018	-0,981969	-47	316918,8095
493	2019	-1,215072	-47	280477,5714
494	2019	-4,32251	-56	280477,5714
495	2019	-0,981969	-47	280477,5714
496	2020	-1,215072	-47	271167,3333
497	2020	-4,32251	-56	271167,3333
498	2020	-0,981969	-47	271167,3333
499	2021	-1,215072	-47	295213,6667
500	2021	-4,32251	-56	295213,6667
501	2021	-0,981969	-47	295213,6667
502	2022	-1,215072	-47	173174,5238
503	2022	-4,32251	-56	173174,5238
504	2022	-0,981969	-47	173174,5238
505	2014	-8,348061	-35	249845,7111
506	2014	-8,271973	-35	249845,7111
507	2014	-7,515939	-35	249845,7111
508	2014	-7,802184	-38	249845,7111
509	2014	-7,874628	-35	249845,7111
510	2015	-8,348061	-35	197205,2444
511	2015	-8,271973	-35	197205,2444
512	2015	-7,515939	-35	197205,2444
513	2015	-7,802184	-38	197205,2444
514	2015	-7,874628	-35	197205,2444
515	2016	-8,348061	-35	136568,0889
516	2016	-8,271973	-35	136568,0889
517	2016	-7,515939	-35	136568,0889
518	2016	-7,802184	-38	136568,0889
519	2016	-7,874628	-35	136568,0889
520	2017	-8,348061	-35	108204,3778
521	2017	-8,271973	-35	108204,3778
522	2017	-7,515939	-35	108204,3778
523	2017	-7,802184	-38	108204,3778
524	2017	-7,874628	-35	108204,3778
525	2018	-8,348061	-35	88544,66667
526	2018	-8,271973	-35	88544,66667
527	2018	-7,515939	-35	88544,66667
528	2018	-7,802184	-38	88544,66667
529	2018	-7,874628	-35	88544,66667
530	2019	-8,348061	-35	103423,6
531	2019	-8,271973	-35	103423,6
532	2019	-7,515939	-35	103423,6
533	2019	-7,802184	-38	103423,6
534	2019	-7,874628	-35	103423,6
535	2020	-8,348061	-35	114071,6667
536	2020	-8,271973	-35	114071,6667
537	2020	-7,515939	-35	114071,6667
538	2020	-7,802184	-38	114071,6667
539	2020	-7,874628	-35	114071,6667
540	2021	-8,348061	-35	94647,26667
541	2021	-8,271973	-35	94647,26667
542	2021	-7,515939	-35	94647,26667
543	2021	-7,802184	-38	94647,26667
544	2021	-7,874628	-35	94647,26667
545	2022	-8,348061	-35	42605,08889
546	2022	-8,271973	-35	42605,08889
547	2022	-7,515939	-35	42605,08889
548	2022	-7,802184	-38	42605,08889
549	2022	-7,874628	-35	42605,08889
550	2014	-7,105743	-41	738075,5556
551	2015	-7,105743	-41	772716,2222
552	2016	-7,105743	-41	722933,4444
553	2017	-7,105743	-41	437458,8889
554	2018	-7,105743	-41	228833,3333
555	2019	-7,105743	-41	199800
556	2020	-7,105743	-41	153133,3333
557	2021	-7,105743	-41	138833,3333
558	2022	-7,105743	-41	59444,44444
559	2014	-6,277593	-37	643204,8519
560	2014	-5,201992	-37	643204,8519
561	2014	-5,073479	-38	643204,8519
562	2015	-6,277593	-37	657015,7407
563	2015	-5,201992	-37	657015,7407
564	2015	-5,073479	-38	657015,7407
565	2016	-6,277593	-37	502765,1481
566	2016	-5,201992	-37	502765,1481
567	2016	-5,073479	-38	502765,1481
568	2017	-6,277593	-37	393633,963
569	2017	-5,201992	-37	393633,963
570	2017	-5,073479	-38	393633,963
571	2018	-6,277593	-37	346550,7778
572	2018	-5,201992	-37	346550,7778
573	2018	-5,073479	-38	346550,7778
574	2019	-6,277593	-37	332487,6667
575	2019	-5,201992	-37	332487,6667
576	2019	-5,073479	-38	332487,6667
577	2020	-6,277593	-37	408102,4444
578	2020	-5,201992	-37	408102,4444
579	2020	-5,073479	-38	408102,4444
580	2021	-6,277593	-37	461022,7778
581	2021	-5,201992	-37	461022,7778
582	2021	-5,073479	-38	461022,7778
583	2022	-6,277593	-37	229351,4815
584	2022	-5,201992	-37	229351,4815
585	2022	-5,073479	-38	229351,4815
586	2014	-31,584917	-54	521210,4167
587	2014	-29,924917	-51	521210,4167
588	2014	-29,842838	-51	521210,4167
589	2014	-31,513336	-54	521210,4167
590	2015	-31,584917	-54	462237,5833
591	2015	-29,924917	-51	462237,5833
592	2015	-29,842838	-51	462237,5833
593	2015	-31,513336	-54	462237,5833
594	2016	-31,584917	-54	381787,1667
595	2016	-29,924917	-51	381787,1667
596	2016	-29,842838	-51	381787,1667
597	2016	-31,513336	-54	381787,1667
598	2017	-31,584917	-54	355031,25
599	2017	-29,924917	-51	355031,25
600	2017	-29,842838	-51	355031,25
601	2017	-31,513336	-54	355031,25
602	2018	-31,584917	-54	341644,9167
603	2018	-29,924917	-51	341644,9167
604	2018	-29,842838	-51	341644,9167
605	2018	-31,513336	-54	341644,9167
606	2019	-31,584917	-54	344541,5
607	2019	-29,924917	-51	344541,5
608	2019	-29,842838	-51	344541,5
609	2019	-31,513336	-54	344541,5
610	2020	-31,584917	-54	378458,6667
611	2020	-29,924917	-51	378458,6667
612	2020	-29,842838	-51	378458,6667
613	2020	-31,513336	-54	378458,6667
614	2021	-31,584917	-54	422048
615	2021	-29,924917	-51	422048
616	2021	-29,842838	-51	422048
617	2021	-31,513336	-54	422048
618	2022	-31,584917	-54	229576,5
619	2022	-29,924917	-51	229576,5
620	2022	-29,842838	-51	229576,5
621	2022	-31,513336	-54	229576,5
622	2014	-21,980226	-42	558376,375
623	2014	-22,509047	-44	558376,375
624	2014	-21,941136	-42	558376,375
625	2014	-22,889338	-44	558376,375
626	2014	-22,860007	-44	558376,375
627	2014	-22,521602	-44	558376,375
628	2014	-21,912439	-42	558376,375
629	2014	-22,904392	-44	558376,375
630	2015	-21,980226	-42	539383,5
631	2015	-22,509047	-44	539383,5
632	2015	-21,941136	-42	539383,5
633	2015	-22,889338	-44	539383,5
634	2015	-22,860007	-44	539383,5
635	2015	-22,521602	-44	539383,5
636	2015	-21,912439	-42	539383,5
637	2015	-22,904392	-44	539383,5
638	2016	-21,980226	-42	467656,5
639	2016	-22,509047	-44	467656,5
640	2016	-21,941136	-42	467656,5
641	2016	-22,889338	-44	467656,5
642	2016	-22,860007	-44	467656,5
643	2016	-22,521602	-44	467656,5
644	2016	-21,912439	-42	467656,5
645	2016	-22,904392	-44	467656,5
646	2017	-21,980226	-42	402976,375
647	2017	-22,509047	-44	402976,375
648	2017	-21,941136	-42	402976,375
649	2017	-22,889338	-44	402976,375
650	2017	-22,860007	-44	402976,375
651	2017	-22,521602	-44	402976,375
652	2017	-21,912439	-42	402976,375
653	2017	-22,904392	-44	402976,375
654	2018	-21,980226	-42	436722
655	2018	-22,509047	-44	436722
656	2018	-21,941136	-42	436722
657	2018	-22,889338	-44	436722
658	2018	-22,860007	-44	436722
659	2018	-22,521602	-44	436722
660	2018	-21,912439	-42	436722
661	2018	-22,904392	-44	436722
662	2019	-21,980226	-42	487239,75
663	2019	-22,509047	-44	487239,75
664	2019	-21,941136	-42	487239,75
665	2019	-22,889338	-44	487239,75
666	2019	-22,860007	-44	487239,75
667	2019	-22,521602	-44	487239,75
668	2019	-21,912439	-42	487239,75
669	2019	-22,904392	-44	487239,75
670	2020	-21,980226	-42	464728,75
671	2020	-22,509047	-44	464728,75
672	2020	-21,941136	-42	464728,75
673	2020	-22,889338	-44	464728,75
674	2020	-22,860007	-44	464728,75
675	2020	-22,521602	-44	464728,75
676	2020	-21,912439	-42	464728,75
677	2020	-22,904392	-44	464728,75
678	2021	-21,980226	-42	514501,75
679	2021	-22,509047	-44	514501,75
680	2021	-21,941136	-42	514501,75
681	2021	-22,889338	-44	514501,75
682	2021	-22,860007	-44	514501,75
683	2021	-22,521602	-44	514501,75
684	2021	-21,912439	-42	514501,75
685	2021	-22,904392	-44	514501,75
686	2022	-21,980226	-42	282883,375
687	2022	-22,509047	-44	282883,375
688	2022	-21,941136	-42	282883,375
689	2022	-22,889338	-44	282883,375
690	2022	-22,860007	-44	282883,375
691	2022	-22,521602	-44	282883,375
692	2022	-21,912439	-42	282883,375
693	2022	-22,904392	-44	282883,375
694	2014	-8,800253	-64	411419
695	2015	-8,800253	-64	457724
696	2016	-8,800253	-64	256156
697	2017	-8,800253	-64	206445
698	2018	-8,800253	-64	279966,4286
699	2019	-8,800253	-64	214264,7143
700	2020	-8,800253	-64	304654
701	2021	-8,800253	-64	278926
702	2022	-8,800253	-64	143673,5714
703	2014	-28,42847	-49	455367,1333
704	2014	-26,818808	-49	455367,1333
705	2014	-28,211588	-49	455367,1333
706	2014	-26,879973	-49	455367,1333
707	2014	-27,3566	-49	455367,1333
708	2015	-28,42847	-49	377632,0667
709	2015	-26,818808	-49	377632,0667
710	2015	-28,211588	-49	377632,0667
711	2015	-26,879973	-49	377632,0667
712	2015	-27,3566	-49	377632,0667
713	2016	-28,42847	-49	294712,5333
714	2016	-26,818808	-49	294712,5333
715	2016	-28,211588	-49	294712,5333
716	2016	-26,879973	-49	294712,5333
717	2016	-27,3566	-49	294712,5333
718	2017	-28,42847	-49	287560,6
719	2017	-26,818808	-49	287560,6
720	2017	-28,211588	-49	287560,6
721	2017	-26,879973	-49	287560,6
722	2017	-27,3566	-49	287560,6
723	2018	-28,42847	-49	287024,1333
724	2018	-26,818808	-49	287024,1333
725	2018	-28,211588	-49	287024,1333
726	2018	-26,879973	-49	287024,1333
727	2018	-27,3566	-49	287024,1333
728	2019	-28,42847	-49	304852
729	2019	-26,818808	-49	304852
730	2019	-28,211588	-49	304852
731	2019	-26,879973	-49	304852
732	2019	-27,3566	-49	304852
733	2020	-28,42847	-49	343305,5333
734	2020	-26,818808	-49	343305,5333
735	2020	-28,211588	-49	343305,5333
736	2020	-26,879973	-49	343305,5333
737	2020	-27,3566	-49	343305,5333
738	2021	-28,42847	-49	400845,2
739	2021	-26,818808	-49	400845,2
740	2021	-28,211588	-49	400845,2
741	2021	-26,879973	-49	400845,2
742	2021	-27,3566	-49	400845,2
743	2022	-28,42847	-49	234447
744	2022	-26,818808	-49	234447
745	2022	-28,211588	-49	234447
746	2022	-26,879973	-49	234447
747	2022	-27,3566	-49	234447
748	2014	-10,843365	-37	1136968,852
749	2014	-10,416466	-37	1136968,852
750	2014	-10,826338	-37	1136968,852
751	2015	-10,843365	-37	1031095,741
752	2015	-10,416466	-37	1031095,741
753	2015	-10,826338	-37	1031095,741
754	2016	-10,843365	-37	736527,1481
755	2016	-10,416466	-37	736527,1481
756	2016	-10,826338	-37	736527,1481
757	2017	-10,843365	-37	694657,963
758	2017	-10,416466	-37	694657,963
759	2017	-10,826338	-37	694657,963
760	2018	-10,843365	-37	687900,1111
761	2018	-10,416466	-37	687900,1111
762	2018	-10,826338	-37	687900,1111
763	2019	-10,843365	-37	697490
764	2019	-10,416466	-37	697490
765	2019	-10,826338	-37	697490
766	2020	-10,843365	-37	803128,1111
767	2020	-10,416466	-37	803128,1111
768	2020	-10,826338	-37	803128,1111
769	2021	-10,843365	-37	761733,4444
770	2021	-10,416466	-37	761733,4444
771	2021	-10,826338	-37	761733,4444
772	2022	-10,843365	-37	416491,8148
773	2022	-10,416466	-37	416491,8148
774	2022	-10,826338	-37	416491,8148
775	2014	-24,518454	-49	814539,4167
776	2014	-24,709318	-48	814539,4167
777	2014	-23,827832	-46	814539,4167
778	2014	-23,272865	-46	814539,4167
779	2014	-23,985412	-49	814539,4167
780	2014	-23,518181	-47	814539,4167
781	2014	-23,449839	-46	814539,4167
782	2014	-23,431076	-46	814539,4167
783	2014	-23,857266	-46	814539,4167
784	2014	-24,160399	-48	814539,4167
785	2014	-23,628209	-47	814539,4167
786	2014	-23,591484	-47	814539,4167
787	2015	-24,518454	-49	722641
788	2015	-24,709318	-48	722641
789	2015	-23,827832	-46	722641
790	2015	-23,272865	-46	722641
791	2015	-23,985412	-49	722641
792	2015	-23,518181	-47	722641
793	2015	-23,449839	-46	722641
794	2015	-23,431076	-46	722641
795	2015	-23,857266	-46	722641
796	2015	-24,160399	-48	722641
797	2015	-23,628209	-47	722641
798	2015	-23,591484	-47	722641
799	2016	-24,518454	-49	591180,5
800	2016	-24,709318	-48	591180,5
801	2016	-23,827832	-46	591180,5
802	2016	-23,272865	-46	591180,5
803	2016	-23,985412	-49	591180,5
804	2016	-23,518181	-47	591180,5
805	2016	-23,449839	-46	591180,5
806	2016	-23,431076	-46	591180,5
807	2016	-23,857266	-46	591180,5
808	2016	-24,160399	-48	591180,5
809	2016	-23,628209	-47	591180,5
810	2016	-23,591484	-47	591180,5
811	2017	-24,518454	-49	541181,6667
812	2017	-24,709318	-48	541181,6667
813	2017	-23,827832	-46	541181,6667
814	2017	-23,272865	-46	541181,6667
815	2017	-23,985412	-49	541181,6667
816	2017	-23,518181	-47	541181,6667
817	2017	-23,449839	-46	541181,6667
818	2017	-23,431076	-46	541181,6667
819	2017	-23,857266	-46	541181,6667
820	2017	-24,160399	-48	541181,6667
821	2017	-23,628209	-47	541181,6667
822	2017	-23,591484	-47	541181,6667
823	2018	-24,518454	-49	524191,9167
824	2018	-24,709318	-48	524191,9167
825	2018	-23,827832	-46	524191,9167
826	2018	-23,272865	-46	524191,9167
827	2018	-23,985412	-49	524191,9167
828	2018	-23,518181	-47	524191,9167
829	2018	-23,449839	-46	524191,9167
830	2018	-23,431076	-46	524191,9167
831	2018	-23,857266	-46	524191,9167
832	2018	-24,160399	-48	524191,9167
833	2018	-23,628209	-47	524191,9167
834	2018	-23,591484	-47	524191,9167
835	2019	-24,518454	-49	513107,4167
836	2019	-24,709318	-48	513107,4167
837	2019	-23,827832	-46	513107,4167
838	2019	-23,272865	-46	513107,4167
839	2019	-23,985412	-49	513107,4167
840	2019	-23,518181	-47	513107,4167
841	2019	-23,449839	-46	513107,4167
842	2019	-23,431076	-46	513107,4167
843	2019	-23,857266	-46	513107,4167
844	2019	-24,160399	-48	513107,4167
845	2019	-23,628209	-47	513107,4167
846	2019	-23,591484	-47	513107,4167
847	2020	-24,518454	-49	585602,3333
848	2020	-24,709318	-48	585602,3333
849	2020	-23,827832	-46	585602,3333
850	2020	-23,272865	-46	585602,3333
851	2020	-23,985412	-49	585602,3333
852	2020	-23,518181	-47	585602,3333
853	2020	-23,449839	-46	585602,3333
854	2020	-23,431076	-46	585602,3333
855	2020	-23,857266	-46	585602,3333
856	2020	-24,160399	-48	585602,3333
857	2020	-23,628209	-47	585602,3333
858	2020	-23,591484	-47	585602,3333
859	2021	-24,518454	-49	651986,25
860	2021	-24,709318	-48	651986,25
861	2021	-23,827832	-46	651986,25
862	2021	-23,272865	-46	651986,25
863	2021	-23,985412	-49	651986,25
864	2021	-23,518181	-47	651986,25
865	2021	-23,449839	-46	651986,25
866	2021	-23,431076	-46	651986,25
867	2021	-23,857266	-46	651986,25
868	2021	-24,160399	-48	651986,25
869	2021	-23,628209	-47	651986,25
870	2021	-23,591484	-47	651986,25
871	2022	-24,518454	-49	356796,6667
872	2022	-24,709318	-48	356796,6667
873	2022	-23,827832	-46	356796,6667
874	2022	-23,272865	-46	356796,6667
875	2022	-23,985412	-49	356796,6667
876	2022	-23,518181	-47	356796,6667
877	2022	-23,449839	-46	356796,6667
878	2022	-23,431076	-46	356796,6667
879	2022	-23,857266	-46	356796,6667
880	2022	-24,160399	-48	356796,6667
881	2022	-23,628209	-47	356796,6667
882	2022	-23,591484	-47	356796,6667
883	2014	-6,429763	-48	630898
884	2015	-6,429763	-48	825767
885	2016	-6,429763	-48	704922
886	2017	-6,429763	-48	538969
887	2018	-6,429763	-48	734667,4286
888	2019	-6,429763	-48	607216,7143
889	2020	-6,429763	-48	742090
890	2021	-6,429763	-48	886319
891	2022	-6,429763	-48	440132,5714
