ID	Year	Latitude	Longitude	Production
1	1990	-12,62	-38,09	0
2	1991	-12,62	-38,09	0
3	1992	-12,62	-38,09	0
4	1993	-12,62	-38,09	0
5	1994	-12,62	-38,09	0
6	1995	-12,62	-38,09	166446,28
7	1996	-12,62	-38,09	0
8	1997	-12,62	-38,09	0
9	1998	-12,62	-38,09	0
10	1999	-12,62	-38,09	0
11	2000	-12,62	-38,09	0
12	2001	-12,62	-38,09	0
13	2002	-12,62	-38,09	0
14	2003	-12,62	-38,09	0
15	2004	-12,62	-38,09	0
16	2005	-12,62	-38,09	0
17	2006	-12,62	-38,09	0
18	2007	-12,62	-38,09	0
19	2008	-12,62	-38,09	0
20	2009	-12,62	-38,09	1935,64
21	2010	-12,62	-38,09	7544,04
22	2011	-12,62	-38,09	17390,52
23	2012	-12,62	-38,09	25597,04
24	2013	-12,62	-38,09	20031,2
25	2014	-12,62	-38,09	12988,36
26	2015	-12,62	-38,09	14174,72
27	2016	-12,62	-38,09	14067,76
28	2017	-12,62	-38,09	19809,72
29	2018	-12,62	-38,09	21728,28
30	2019	-12,62	-38,09	28070,28
31	2020	-12,62	-38,09	35012,32
32	2021	-12,62	-38,09	34370
33	2022	-12,62	-38,09	39940,6
34	2023	-12,62	-38,09	6890,8
35	1990	-12,62	-38,09	0
36	1991	-12,62	-38,09	0
37	1992	-12,62	-38,09	0
38	1993	-12,62	-38,09	0
39	1994	-12,62	-38,09	0
40	1995	-12,62	-38,09	219946,87
41	1996	-12,62	-38,09	0
42	1997	-12,62	-38,09	0
43	1998	-12,62	-38,09	0
44	1999	-12,62	-38,09	0
45	2000	-12,62	-38,09	0
46	2001	-12,62	-38,09	0
47	2002	-12,62	-38,09	0
48	2003	-12,62	-38,09	0
49	2004	-12,62	-38,09	0
50	2005	-12,62	-38,09	0
51	2006	-12,62	-38,09	0
52	2007	-12,62	-38,09	0
53	2008	-12,62	-38,09	0
54	2009	-12,62	-38,09	2557,81
55	2010	-12,62	-38,09	9968,91
56	2011	-12,62	-38,09	22980,33
57	2012	-12,62	-38,09	33824,66
58	2013	-12,62	-38,09	26469,8
59	2014	-12,62	-38,09	17163,19
60	2015	-12,62	-38,09	18730,88
61	2016	-12,62	-38,09	18589,54
62	2017	-12,62	-38,09	26177,13
63	2018	-12,62	-38,09	28712,37
64	2019	-12,62	-38,09	37092,87
65	2020	-12,62	-38,09	46266,28
66	2021	-12,62	-38,09	45417,5
67	2022	-12,62	-38,09	52778,65
68	2023	-12,62	-38,09	9105,7
69	1990	-12,62	-38,09	0
70	1991	-12,62	-38,09	0
71	1992	-12,62	-38,09	0
72	1993	-12,62	-38,09	0
73	1994	-12,62	-38,09	0
74	1995	-12,62	-38,09	77278,63
75	1996	-12,62	-38,09	0
76	1997	-12,62	-38,09	0
77	1998	-12,62	-38,09	0
78	1999	-12,62	-38,09	0
79	2000	-12,62	-38,09	0
80	2001	-12,62	-38,09	0
81	2002	-12,62	-38,09	0
82	2003	-12,62	-38,09	0
83	2004	-12,62	-38,09	0
84	2005	-12,62	-38,09	0
85	2006	-12,62	-38,09	0
86	2007	-12,62	-38,09	0
87	2008	-12,62	-38,09	0
88	2009	-12,62	-38,09	898,69
89	2010	-12,62	-38,09	3502,59
90	2011	-12,62	-38,09	8074,17
91	2012	-12,62	-38,09	11884,34
92	2013	-12,62	-38,09	9300,2
93	2014	-12,62	-38,09	6030,31
94	2015	-12,62	-38,09	6581,12
95	2016	-12,62	-38,09	6531,46
96	2017	-12,62	-38,09	9197,37
97	2018	-12,62	-38,09	10088,13
98	2019	-12,62	-38,09	13032,63
99	2020	-12,62	-38,09	16255,72
100	2021	-12,62	-38,09	15957,5
101	2022	-12,62	-38,09	18543,85
102	2023	-12,62	-38,09	3199,3
103	1990	-12,62	-38,09	0
104	1991	-12,62	-38,09	0
105	1992	-12,62	-38,09	0
106	1993	-12,62	-38,09	0
107	1994	-12,62	-38,09	0
108	1995	-12,62	-38,09	77278,63
109	1996	-12,62	-38,09	0
110	1997	-12,62	-38,09	0
111	1998	-12,62	-38,09	0
112	1999	-12,62	-38,09	0
113	2000	-12,62	-38,09	0
114	2001	-12,62	-38,09	0
115	2002	-12,62	-38,09	0
116	2003	-12,62	-38,09	0
117	2004	-12,62	-38,09	0
118	2005	-12,62	-38,09	0
119	2006	-12,62	-38,09	0
120	2007	-12,62	-38,09	0
121	2008	-12,62	-38,09	0
122	2009	-12,62	-38,09	898,69
123	2010	-12,62	-38,09	3502,59
124	2011	-12,62	-38,09	8074,17
125	2012	-12,62	-38,09	11884,34
126	2013	-12,62	-38,09	9300,2
127	2014	-12,62	-38,09	6030,31
128	2015	-12,62	-38,09	6581,12
129	2016	-12,62	-38,09	6531,46
130	2017	-12,62	-38,09	9197,37
131	2018	-12,62	-38,09	10088,13
132	2019	-12,62	-38,09	13032,63
133	2020	-12,62	-38,09	16255,72
134	2021	-12,62	-38,09	15957,5
135	2022	-12,62	-38,09	18543,85
136	2023	-12,62	-38,09	3199,3
137	1990	-3,72	-38,47	90245,96
138	1991	-3,72	-38,47	87677,05
139	1992	-3,72	-38,47	98976,85
140	1993	-3,72	-38,47	99188,12
141	1994	-3,72	-38,47	90152,35
142	1995	-3,72	-38,47	102073,01
143	1996	-3,72	-38,47	316689,66
144	1997	-3,72	-38,47	91233,49
145	1998	-3,72	-38,47	126694,29
146	1999	-3,72	-38,47	120450,54
147	2000	-3,72	-38,47	114427,68
148	2001	-3,72	-38,47	121473,22
149	2002	-3,72	-38,47	141576,8
150	2003	-3,72	-38,47	91327,84
151	2004	-3,72	-38,47	95115,53
152	2005	-3,72	-38,47	99600,3
153	2006	-3,72	-38,47	142549,53
154	2007	-3,72	-38,47	132880,69
155	2008	-3,72	-38,47	133299,16
156	2009	-3,72	-38,47	129833,74
157	2010	-3,72	-38,47	170584,06
158	2011	-3,72	-38,47	149859,99
159	2012	-3,72	-38,47	168968,27
160	2013	-3,72	-38,47	180620,68
161	2014	-3,72	-38,47	192052,57
162	2015	-3,72	-38,47	181974,51
163	2016	-3,72	-38,47	193299,1
164	2017	-3,72	-38,47	164172,7
165	2018	-3,72	-38,47	174135,69
166	2019	-3,72	-38,47	152508,82
167	2020	-3,72	-38,47	182089,21
168	2021	-3,72	-38,47	165926,87
169	2022	-3,72	-38,47	187291,41
170	2023	-3,72	-38,47	30962,71
171	1990	-3,72	-38,47	87806,88
172	1991	-3,72	-38,47	85307,4
173	1992	-3,72	-38,47	96301,8
174	1993	-3,72	-38,47	96507,36
175	1994	-3,72	-38,47	87715,8
176	1995	-3,72	-38,47	99314,28
177	1996	-3,72	-38,47	308130,48
178	1997	-3,72	-38,47	88767,72
179	1998	-3,72	-38,47	123270,12
180	1999	-3,72	-38,47	117195,12
181	2000	-3,72	-38,47	111335,04
182	2001	-3,72	-38,47	118190,16
183	2002	-3,72	-38,47	137750,4
184	2003	-3,72	-38,47	88859,52
185	2004	-3,72	-38,47	92544,84
186	2005	-3,72	-38,47	96908,4
187	2006	-3,72	-38,47	138696,84
188	2007	-3,72	-38,47	129289,32
189	2008	-3,72	-38,47	129696,48
190	2009	-3,72	-38,47	126324,72
191	2010	-3,72	-38,47	165973,68
192	2011	-3,72	-38,47	145809,72
193	2012	-3,72	-38,47	164401,56
194	2013	-3,72	-38,47	175739,04
195	2014	-3,72	-38,47	186861,96
196	2015	-3,72	-38,47	177056,28
197	2016	-3,72	-38,47	188074,8
198	2017	-3,72	-38,47	159735,6
199	2018	-3,72	-38,47	169429,32
200	2019	-3,72	-38,47	148386,96
201	2020	-3,72	-38,47	177167,88
202	2021	-3,72	-38,47	161442,36
203	2022	-3,72	-38,47	182229,48
204	2023	-3,72	-38,47	30125,88
205	1990	-3,72	-38,47	31708,04
206	1991	-3,72	-38,47	30805,45
207	1992	-3,72	-38,47	34775,65
208	1993	-3,72	-38,47	34849,88
209	1994	-3,72	-38,47	31675,15
210	1995	-3,72	-38,47	35863,49
211	1996	-3,72	-38,47	111269,34
212	1997	-3,72	-38,47	32055,01
213	1998	-3,72	-38,47	44514,21
214	1999	-3,72	-38,47	42320,46
215	2000	-3,72	-38,47	40204,32
216	2001	-3,72	-38,47	42679,78
217	2002	-3,72	-38,47	49743,2
218	2003	-3,72	-38,47	32088,16
219	2004	-3,72	-38,47	33418,97
220	2005	-3,72	-38,47	34994,7
221	2006	-3,72	-38,47	50084,97
222	2007	-3,72	-38,47	46687,81
223	2008	-3,72	-38,47	46834,84
224	2009	-3,72	-38,47	45617,26
225	2010	-3,72	-38,47	59934,94
226	2011	-3,72	-38,47	52653,51
227	2012	-3,72	-38,47	59367,23
228	2013	-3,72	-38,47	63461,32
229	2014	-3,72	-38,47	67477,93
230	2015	-3,72	-38,47	63936,99
231	2016	-3,72	-38,47	67915,9
232	2017	-3,72	-38,47	57682,3
233	2018	-3,72	-38,47	61182,81
234	2019	-3,72	-38,47	53584,18
235	2020	-3,72	-38,47	63977,29
236	2021	-3,72	-38,47	58298,63
237	2022	-3,72	-38,47	65805,09
238	2023	-3,72	-38,47	10878,79
239	1990	-3,72	-38,47	31708,04
240	1991	-3,72	-38,47	30805,45
241	1992	-3,72	-38,47	34775,65
242	1993	-3,72	-38,47	34849,88
243	1994	-3,72	-38,47	31675,15
244	1995	-3,72	-38,47	35863,49
245	1996	-3,72	-38,47	111269,34
246	1997	-3,72	-38,47	32055,01
247	1998	-3,72	-38,47	44514,21
248	1999	-3,72	-38,47	42320,46
249	2000	-3,72	-38,47	40204,32
250	2001	-3,72	-38,47	42679,78
251	2002	-3,72	-38,47	49743,2
252	2003	-3,72	-38,47	32088,16
253	2004	-3,72	-38,47	33418,97
254	2005	-3,72	-38,47	34994,7
255	2006	-3,72	-38,47	50084,97
256	2007	-3,72	-38,47	46687,81
257	2008	-3,72	-38,47	46834,84
258	2009	-3,72	-38,47	45617,26
259	2010	-3,72	-38,47	59934,94
260	2011	-3,72	-38,47	52653,51
261	2012	-3,72	-38,47	59367,23
262	2013	-3,72	-38,47	63461,32
263	2014	-3,72	-38,47	67477,93
264	2015	-3,72	-38,47	63936,99
265	2016	-3,72	-38,47	67915,9
266	2017	-3,72	-38,47	57682,3
267	2018	-3,72	-38,47	61182,81
268	2019	-3,72	-38,47	53584,18
269	2020	-3,72	-38,47	63977,29
270	2021	-3,72	-38,47	58298,63
271	2022	-3,72	-38,47	65805,09
272	2023	-3,72	-38,47	10878,79
273	1990	-22,89	-43,24	156067,24
274	1991	-22,89	-43,24	142534,56
275	1992	-22,89	-43,24	163288,72
276	1993	-22,89	-43,24	161108,36
277	1994	-22,89	-43,24	160699,28
278	1995	-22,89	-43,24	162676,92
279	1996	-22,89	-43,24	162721,72
280	1997	-22,89	-43,24	158964,4
281	1998	-22,89	-43,24	152660,48
282	1999	-22,89	-43,24	181648,04
283	2000	-22,89	-43,24	191166,08
284	2001	-22,89	-43,24	229205,76
285	2002	-22,89	-43,24	211533,84
286	2003	-22,89	-43,24	238161
287	2004	-22,89	-43,24	232437,52
288	2005	-22,89	-43,24	105490,84
289	2006	-22,89	-43,24	0
290	2007	-22,89	-43,24	0
291	2008	-22,89	-43,24	0
292	2009	-22,89	-43,24	0
293	2010	-22,89	-43,24	98971,6
294	2011	-22,89	-43,24	163951,2
295	2012	-22,89	-43,24	170087,68
296	2013	-22,89	-43,24	4493,44
297	2014	-22,89	-43,24	44010,4
298	2015	-22,89	-43,24	110172,72
299	2016	-22,89	-43,24	129088,96
300	2017	-22,89	-43,24	66416,56
301	2018	-22,89	-43,24	55562,08
302	2019	-22,89	-43,24	126511,84
303	2020	-22,89	-43,24	146679,12
304	2021	-22,89	-43,24	138442,36
305	2022	-22,89	-43,24	153787,2
306	2023	-22,89	-43,24	20908,16
307	1990	-22,89	-43,24	206231,71
308	1991	-22,89	-43,24	188349,24
309	1992	-22,89	-43,24	215774,38
310	1993	-22,89	-43,24	212893,19
311	1994	-22,89	-43,24	212352,62
312	1995	-22,89	-43,24	214965,93
313	1996	-22,89	-43,24	215025,13
314	1997	-22,89	-43,24	210060,1
315	1998	-22,89	-43,24	201729,92
316	1999	-22,89	-43,24	240034,91
317	2000	-22,89	-43,24	252612,32
318	2001	-22,89	-43,24	302879,04
319	2002	-22,89	-43,24	279526,86
320	2003	-22,89	-43,24	314712,75
321	2004	-22,89	-43,24	307149,58
322	2005	-22,89	-43,24	139398,61
323	2006	-22,89	-43,24	0
324	2007	-22,89	-43,24	0
325	2008	-22,89	-43,24	0
326	2009	-22,89	-43,24	0
327	2010	-22,89	-43,24	130783,9
328	2011	-22,89	-43,24	216649,8
329	2012	-22,89	-43,24	224758,72
330	2013	-22,89	-43,24	5937,76
331	2014	-22,89	-43,24	58156,6
332	2015	-22,89	-43,24	145585,38
333	2016	-22,89	-43,24	170581,84
334	2017	-22,89	-43,24	87764,74
335	2018	-22,89	-43,24	73421,32
336	2019	-22,89	-43,24	167176,36
337	2020	-22,89	-43,24	193825,98
338	2021	-22,89	-43,24	182941,69
339	2022	-22,89	-43,24	203218,8
340	2023	-22,89	-43,24	27628,64
341	1990	-22,89	-43,24	72459,79
342	1991	-22,89	-43,24	66176,76
343	1992	-22,89	-43,24	75812,62
344	1993	-22,89	-43,24	74800,31
345	1994	-22,89	-43,24	74610,38
346	1995	-22,89	-43,24	75528,57
347	1996	-22,89	-43,24	75549,37
348	1997	-22,89	-43,24	73804,9
349	1998	-22,89	-43,24	70878,08
350	1999	-22,89	-43,24	84336,59
351	2000	-22,89	-43,24	88755,68
352	2001	-22,89	-43,24	106416,96
353	2002	-22,89	-43,24	98212,14
354	2003	-22,89	-43,24	110574,75
355	2004	-22,89	-43,24	107917,42
356	2005	-22,89	-43,24	48977,89
357	2006	-22,89	-43,24	0
358	2007	-22,89	-43,24	0
359	2008	-22,89	-43,24	0
360	2009	-22,89	-43,24	0
361	2010	-22,89	-43,24	45951,1
362	2011	-22,89	-43,24	76120,2
363	2012	-22,89	-43,24	78969,28
364	2013	-22,89	-43,24	2086,24
365	2014	-22,89	-43,24	20433,4
366	2015	-22,89	-43,24	51151,62
367	2016	-22,89	-43,24	59934,16
368	2017	-22,89	-43,24	30836,26
369	2018	-22,89	-43,24	25796,68
370	2019	-22,89	-43,24	58737,64
371	2020	-22,89	-43,24	68101,02
372	2021	-22,89	-43,24	64276,81
373	2022	-22,89	-43,24	71401,2
374	2023	-22,89	-43,24	9707,36
375	1990	-22,89	-43,24	72459,79
376	1991	-22,89	-43,24	66176,76
377	1992	-22,89	-43,24	75812,62
378	1993	-22,89	-43,24	74800,31
379	1994	-22,89	-43,24	74610,38
380	1995	-22,89	-43,24	75528,57
381	1996	-22,89	-43,24	75549,37
382	1997	-22,89	-43,24	73804,9
383	1998	-22,89	-43,24	70878,08
384	1999	-22,89	-43,24	84336,59
385	2000	-22,89	-43,24	88755,68
386	2001	-22,89	-43,24	106416,96
387	2002	-22,89	-43,24	98212,14
388	2003	-22,89	-43,24	110574,75
389	2004	-22,89	-43,24	107917,42
390	2005	-22,89	-43,24	48977,89
391	2006	-22,89	-43,24	0
392	2007	-22,89	-43,24	0
393	2008	-22,89	-43,24	0
394	2009	-22,89	-43,24	0
395	2010	-22,89	-43,24	45951,1
396	2011	-22,89	-43,24	76120,2
397	2012	-22,89	-43,24	78969,28
398	2013	-22,89	-43,24	2086,24
399	2014	-22,89	-43,24	20433,4
400	2015	-22,89	-43,24	51151,62
401	2016	-22,89	-43,24	59934,16
402	2017	-22,89	-43,24	30836,26
403	2018	-22,89	-43,24	25796,68
404	2019	-22,89	-43,24	58737,64
405	2020	-22,89	-43,24	68101,02
406	2021	-22,89	-43,24	64276,81
407	2022	-22,89	-43,24	71401,2
408	2023	-22,89	-43,24	9707,36
409	1990	-23,64	-46,48	376257,56
410	1991	-23,64	-46,48	407865,92
411	1992	-23,64	-46,48	447681,64
412	1993	-23,64	-46,48	541290,4
413	1994	-23,64	-46,48	513903,6
414	1995	-23,64	-46,48	616702,8
415	1996	-23,64	-46,48	627757,2
416	1997	-23,64	-46,48	722506,4
417	1998	-23,64	-46,48	733648,44
418	1999	-23,64	-46,48	571065,04
419	2000	-23,64	-46,48	658050,68
420	2001	-23,64	-46,48	751689,12
421	2002	-23,64	-46,48	777583,24
422	2003	-23,64	-46,48	715128,4
423	2004	-23,64	-46,48	756626,92
424	2005	-23,64	-46,48	584727,08
425	2006	-23,64	-46,48	657541,64
426	2007	-23,64	-46,48	676215,12
427	2008	-23,64	-46,48	735616
428	2009	-23,64	-46,48	677576,48
429	2010	-23,64	-46,48	592950,68
430	2011	-23,64	-46,48	697821,88
431	2012	-23,64	-46,48	867882,68
432	2013	-23,64	-46,48	868582,96
433	2014	-23,64	-46,48	884811,76
434	2015	-23,64	-46,48	658747,88
435	2016	-23,64	-46,48	882637
436	2017	-23,64	-46,48	817450,2
437	2018	-23,64	-46,48	807444,68
438	2019	-23,64	-46,48	807967,72
439	2020	-23,64	-46,48	631917,44
440	2021	-23,64	-46,48	878825,92
441	2022	-23,64	-46,48	945568,12
442	2023	-23,64	-46,48	128355,36
443	1990	-23,64	-46,48	497197,49
444	1991	-23,64	-46,48	538965,68
445	1992	-23,64	-46,48	591579,31
446	1993	-23,64	-46,48	715276,6
447	1994	-23,64	-46,48	679086,9
448	1995	-23,64	-46,48	814928,7
449	1996	-23,64	-46,48	829536,3
450	1997	-23,64	-46,48	954740,6
451	1998	-23,64	-46,48	969464,01
452	1999	-23,64	-46,48	754621,66
453	2000	-23,64	-46,48	869566,97
454	2001	-23,64	-46,48	993303,48
455	2002	-23,64	-46,48	1027520,71
456	2003	-23,64	-46,48	944991,1
457	2004	-23,64	-46,48	999828,43
458	2005	-23,64	-46,48	772675,07
459	2006	-23,64	-46,48	868894,31
460	2007	-23,64	-46,48	893569,98
461	2008	-23,64	-46,48	972064
462	2009	-23,64	-46,48	895368,92
463	2010	-23,64	-46,48	783541,97
464	2011	-23,64	-46,48	922121,77
465	2012	-23,64	-46,48	1146844,97
466	2013	-23,64	-46,48	1147770,34
467	2014	-23,64	-46,48	1169215,54
468	2015	-23,64	-46,48	870488,27
469	2016	-23,64	-46,48	1166341,75
470	2017	-23,64	-46,48	1080202,05
471	2018	-23,64	-46,48	1066980,47
472	2019	-23,64	-46,48	1067671,63
473	2020	-23,64	-46,48	835033,76
474	2021	-23,64	-46,48	1161305,68
475	2022	-23,64	-46,48	1249500,73
476	2023	-23,64	-46,48	169612,44
477	1990	-23,64	-46,48	174691,01
478	1991	-23,64	-46,48	189366,32
479	1992	-23,64	-46,48	207852,19
480	1993	-23,64	-46,48	251313,4
481	1994	-23,64	-46,48	238598,1
482	1995	-23,64	-46,48	286326,3
483	1996	-23,64	-46,48	291458,7
484	1997	-23,64	-46,48	335449,4
485	1998	-23,64	-46,48	340622,49
486	1999	-23,64	-46,48	265137,34
487	2000	-23,64	-46,48	305523,53
488	2001	-23,64	-46,48	348998,52
489	2002	-23,64	-46,48	361020,79
490	2003	-23,64	-46,48	332023,9
491	2004	-23,64	-46,48	351291,07
492	2005	-23,64	-46,48	271480,43
493	2006	-23,64	-46,48	305287,19
494	2007	-23,64	-46,48	313957,02
495	2008	-23,64	-46,48	341536
496	2009	-23,64	-46,48	314589,08
497	2010	-23,64	-46,48	275298,53
498	2011	-23,64	-46,48	323988,73
499	2012	-23,64	-46,48	402945,53
500	2013	-23,64	-46,48	403270,66
501	2014	-23,64	-46,48	410805,46
502	2015	-23,64	-46,48	305847,23
503	2016	-23,64	-46,48	409795,75
504	2017	-23,64	-46,48	379530,45
505	2018	-23,64	-46,48	374885,03
506	2019	-23,64	-46,48	375127,87
507	2020	-23,64	-46,48	293390,24
508	2021	-23,64	-46,48	408026,32
509	2022	-23,64	-46,48	439013,77
510	2023	-23,64	-46,48	59593,56
511	1990	-23,64	-46,48	174691,01
512	1991	-23,64	-46,48	189366,32
513	1992	-23,64	-46,48	207852,19
514	1993	-23,64	-46,48	251313,4
515	1994	-23,64	-46,48	238598,1
516	1995	-23,64	-46,48	286326,3
517	1996	-23,64	-46,48	291458,7
518	1997	-23,64	-46,48	335449,4
519	1998	-23,64	-46,48	340622,49
520	1999	-23,64	-46,48	265137,34
521	2000	-23,64	-46,48	305523,53
522	2001	-23,64	-46,48	348998,52
523	2002	-23,64	-46,48	361020,79
524	2003	-23,64	-46,48	332023,9
525	2004	-23,64	-46,48	351291,07
526	2005	-23,64	-46,48	271480,43
527	2006	-23,64	-46,48	305287,19
528	2007	-23,64	-46,48	313957,02
529	2008	-23,64	-46,48	341536
530	2009	-23,64	-46,48	314589,08
531	2010	-23,64	-46,48	275298,53
532	2011	-23,64	-46,48	323988,73
533	2012	-23,64	-46,48	402945,53
534	2013	-23,64	-46,48	403270,66
535	2014	-23,64	-46,48	410805,46
536	2015	-23,64	-46,48	305847,23
537	2016	-23,64	-46,48	409795,75
538	2017	-23,64	-46,48	379530,45
539	2018	-23,64	-46,48	374885,03
540	2019	-23,64	-46,48	375127,87
541	2020	-23,64	-46,48	293390,24
542	2021	-23,64	-46,48	408026,32
543	2022	-23,64	-46,48	439013,77
544	2023	-23,64	-46,48	59593,56
545	1990	-22,72	-43,27	2826849,76
546	1991	-22,72	-43,27	2931664,4
547	1992	-22,72	-43,27	3088831,2
548	1993	-22,72	-43,27	2782064,6
549	1994	-22,72	-43,27	2636933,32
550	1995	-22,72	-43,27	2284976,4
551	1996	-22,72	-43,27	3202720,36
552	1997	-22,72	-43,27	2761728,2
553	1998	-22,72	-43,27	3372322,52
554	1999	-22,72	-43,27	3413579,96
555	2000	-22,72	-43,27	3029907,16
556	2001	-22,72	-43,27	3124277,52
557	2002	-22,72	-43,27	3147234,44
558	2003	-22,72	-43,27	3198207,6
559	2004	-22,72	-43,27	3563289,8
560	2005	-22,72	-43,27	3478723,92
561	2006	-22,72	-43,27	3567869,2
562	2007	-22,72	-43,27	3422276,2
563	2008	-22,72	-43,27	3625424,32
564	2009	-22,72	-43,27	3400096,56
565	2010	-22,72	-43,27	3605144,48
566	2011	-22,72	-43,27	3533748,12
567	2012	-22,72	-43,27	3703379,4
568	2013	-22,72	-43,27	3960077,8
569	2014	-22,72	-43,27	3867666,6
570	2015	-22,72	-43,27	3263968,96
571	2016	-22,72	-43,27	3175368,28
572	2017	-22,72	-43,27	2919670,88
573	2018	-22,72	-43,27	3125973,76
574	2019	-22,72	-43,27	3122828,24
575	2020	-22,72	-43,27	2966623,24
576	2021	-22,72	-43,27	3068772,84
577	2022	-22,72	-43,27	3372102,72
578	2023	-22,72	-43,27	604434,04
579	1990	-22,72	-43,27	3735480,04
580	1991	-22,72	-43,27	3873985,1
581	1992	-22,72	-43,27	4081669,8
582	1993	-22,72	-43,27	3676299,65
583	1994	-22,72	-43,27	3484519,03
584	1995	-22,72	-43,27	3019433,1
585	1996	-22,72	-43,27	4232166,19
586	1997	-22,72	-43,27	3649426,55
587	1998	-22,72	-43,27	4456283,33
588	1999	-22,72	-43,27	4510802,09
589	2000	-22,72	-43,27	4003805,89
590	2001	-22,72	-43,27	4128509,58
591	2002	-22,72	-43,27	4158845,51
592	2003	-22,72	-43,27	4226202,9
593	2004	-22,72	-43,27	4708632,95
594	2005	-22,72	-43,27	4596885,18
595	2006	-22,72	-43,27	4714684,3
596	2007	-22,72	-43,27	4522293,55
597	2008	-22,72	-43,27	4790739,28
598	2009	-22,72	-43,27	4492984,74
599	2010	-22,72	-43,27	4763940,92
600	2011	-22,72	-43,27	4669595,73
601	2012	-22,72	-43,27	4893751,35
602	2013	-22,72	-43,27	5232959,95
603	2014	-22,72	-43,27	5110845,15
604	2015	-22,72	-43,27	4313101,84
605	2016	-22,72	-43,27	4196022,37
606	2017	-22,72	-43,27	3858136,52
607	2018	-22,72	-43,27	4130751,04
608	2019	-22,72	-43,27	4126594,46
609	2020	-22,72	-43,27	3920180,71
610	2021	-22,72	-43,27	4055164,11
611	2022	-22,72	-43,27	4455992,88
612	2023	-22,72	-43,27	798716,41
613	1990	-22,72	-43,27	1817260,56
614	1991	-22,72	-43,27	1884641,4
615	1992	-22,72	-43,27	1985677,2
616	1993	-22,72	-43,27	1788470,1
617	1994	-22,72	-43,27	1695171,42
618	1995	-22,72	-43,27	1468913,4
619	1996	-22,72	-43,27	2058891,66
620	1997	-22,72	-43,27	1775396,7
621	1998	-22,72	-43,27	2167921,62
622	1999	-22,72	-43,27	2194444,26
623	2000	-22,72	-43,27	1947797,46
624	2001	-22,72	-43,27	2008464,12
625	2002	-22,72	-43,27	2023222,14
626	2003	-22,72	-43,27	2055990,6
627	2004	-22,72	-43,27	2290686,3
628	2005	-22,72	-43,27	2236322,52
629	2006	-22,72	-43,27	2293630,2
630	2007	-22,72	-43,27	2200034,7
631	2008	-22,72	-43,27	2330629,92
632	2009	-22,72	-43,27	2185776,36
633	2010	-22,72	-43,27	2317592,88
634	2011	-22,72	-43,27	2271695,22
635	2012	-22,72	-43,27	2380743,9
636	2013	-22,72	-43,27	2545764,3
637	2014	-22,72	-43,27	2486357,1
638	2015	-22,72	-43,27	2098265,76
639	2016	-22,72	-43,27	2041308,18
640	2017	-22,72	-43,27	1876931,28
641	2018	-22,72	-43,27	2009554,56
642	2019	-22,72	-43,27	2007532,44
643	2020	-22,72	-43,27	1907114,94
644	2021	-22,72	-43,27	1972782,54
645	2022	-22,72	-43,27	2167780,32
646	2023	-22,72	-43,27	388564,74
647	1990	-22,72	-43,27	3634521,12
648	1991	-22,72	-43,27	3769282,8
649	1992	-22,72	-43,27	3971354,4
650	1993	-22,72	-43,27	3576940,2
651	1994	-22,72	-43,27	3390342,84
652	1995	-22,72	-43,27	2937826,8
653	1996	-22,72	-43,27	4117783,32
654	1997	-22,72	-43,27	3550793,4
655	1998	-22,72	-43,27	4335843,24
656	1999	-22,72	-43,27	4388888,52
657	2000	-22,72	-43,27	3895594,92
658	2001	-22,72	-43,27	4016928,24
659	2002	-22,72	-43,27	4046444,28
660	2003	-22,72	-43,27	4111981,2
661	2004	-22,72	-43,27	4581372,6
662	2005	-22,72	-43,27	4472645,04
663	2006	-22,72	-43,27	4587260,4
664	2007	-22,72	-43,27	4400069,4
665	2008	-22,72	-43,27	4661259,84
666	2009	-22,72	-43,27	4371552,72
667	2010	-22,72	-43,27	4635185,76
668	2011	-22,72	-43,27	4543390,44
669	2012	-22,72	-43,27	4761487,8
670	2013	-22,72	-43,27	5091528,6
671	2014	-22,72	-43,27	4972714,2
672	2015	-22,72	-43,27	4196531,52
673	2016	-22,72	-43,27	4082616,36
674	2017	-22,72	-43,27	3753862,56
675	2018	-22,72	-43,27	4019109,12
676	2019	-22,72	-43,27	4015064,88
677	2020	-22,72	-43,27	3814229,88
678	2021	-22,72	-43,27	3945565,08
679	2022	-22,72	-43,27	4335560,64
680	2023	-22,72	-43,27	777129,48
681	1990	-22,72	-43,27	1312465,96
682	1991	-22,72	-43,27	1361129,9
683	1992	-22,72	-43,27	1434100,2
684	1993	-22,72	-43,27	1291672,85
685	1994	-22,72	-43,27	1224290,47
686	1995	-22,72	-43,27	1060881,9
687	1996	-22,72	-43,27	1486977,31
688	1997	-22,72	-43,27	1282230,95
689	1998	-22,72	-43,27	1565721,17
690	1999	-22,72	-43,27	1584876,41
691	2000	-22,72	-43,27	1406742,61
692	2001	-22,72	-43,27	1450557,42
693	2002	-22,72	-43,27	1461215,99
694	2003	-22,72	-43,27	1484882,1
695	2004	-22,72	-43,27	1654384,55
696	2005	-22,72	-43,27	1615121,82
697	2006	-22,72	-43,27	1656510,7
698	2007	-22,72	-43,27	1588913,95
699	2008	-22,72	-43,27	1683232,72
700	2009	-22,72	-43,27	1578616,26
701	2010	-22,72	-43,27	1673817,08
702	2011	-22,72	-43,27	1640668,77
703	2012	-22,72	-43,27	1719426,15
704	2013	-22,72	-43,27	1838607,55
705	2014	-22,72	-43,27	1795702,35
706	2015	-22,72	-43,27	1515414,16
707	2016	-22,72	-43,27	1474278,13
708	2017	-22,72	-43,27	1355561,48
709	2018	-22,72	-43,27	1451344,96
710	2019	-22,72	-43,27	1449884,54
711	2020	-22,72	-43,27	1377360,79
712	2021	-22,72	-43,27	1424787,39
713	2022	-22,72	-43,27	1565619,12
714	2023	-22,72	-43,27	280630,09
715	1990	-22,72	-43,27	1312465,96
716	1991	-22,72	-43,27	1361129,9
717	1992	-22,72	-43,27	1434100,2
718	1993	-22,72	-43,27	1291672,85
719	1994	-22,72	-43,27	1224290,47
720	1995	-22,72	-43,27	1060881,9
721	1996	-22,72	-43,27	1486977,31
722	1997	-22,72	-43,27	1282230,95
723	1998	-22,72	-43,27	1565721,17
724	1999	-22,72	-43,27	1584876,41
725	2000	-22,72	-43,27	1406742,61
726	2001	-22,72	-43,27	1450557,42
727	2002	-22,72	-43,27	1461215,99
728	2003	-22,72	-43,27	1484882,1
729	2004	-22,72	-43,27	1654384,55
730	2005	-22,72	-43,27	1615121,82
731	2006	-22,72	-43,27	1656510,7
732	2007	-22,72	-43,27	1588913,95
733	2008	-22,72	-43,27	1683232,72
734	2009	-22,72	-43,27	1578616,26
735	2010	-22,72	-43,27	1673817,08
736	2011	-22,72	-43,27	1640668,77
737	2012	-22,72	-43,27	1719426,15
738	2013	-22,72	-43,27	1838607,55
739	2014	-22,72	-43,27	1795702,35
740	2015	-22,72	-43,27	1515414,16
741	2016	-22,72	-43,27	1474278,13
742	2017	-22,72	-43,27	1355561,48
743	2018	-22,72	-43,27	1451344,96
744	2019	-22,72	-43,27	1449884,54
745	2020	-22,72	-43,27	1377360,79
746	2021	-22,72	-43,27	1424787,39
747	2022	-22,72	-43,27	1565619,12
748	2023	-22,72	-43,27	280630,09
749	1990	-29,87	-51,17	1060673,88
750	1991	-29,87	-51,17	921762,24
751	1992	-29,87	-51,17	1100115,24
752	1993	-29,87	-51,17	1230643,68
753	1994	-29,87	-51,17	1662454,36
754	1995	-29,87	-51,17	1587024,04
755	1996	-29,87	-51,17	1867846,4
756	1997	-29,87	-51,17	1670258,8
757	1998	-29,87	-51,17	1839972,68
758	1999	-29,87	-51,17	1929016,6
759	2000	-29,87	-51,17	2001037,08
760	2001	-29,87	-51,17	1870167,32
761	2002	-29,87	-51,17	1768651,36
762	2003	-29,87	-51,17	1707955,76
763	2004	-29,87	-51,17	1686783,56
764	2005	-29,87	-51,17	1943506,88
765	2006	-29,87	-51,17	1902992
766	2007	-29,87	-51,17	2423225,28
767	2008	-29,87	-51,17	2376492,44
768	2009	-29,87	-51,17	2719059,56
769	2010	-29,87	-51,17	2425783,08
770	2011	-29,87	-51,17	2433443,04
771	2012	-29,87	-51,17	2553567,52
772	2013	-29,87	-51,17	3225528,04
773	2014	-29,87	-51,17	3131419,76
774	2015	-29,87	-51,17	2855661,48
775	2016	-29,87	-51,17	2473896,04
776	2017	-29,87	-51,17	2268113,96
777	2018	-29,87	-51,17	2242579,08
778	2019	-29,87	-51,17	2334593,24
779	2020	-29,87	-51,17	2208479,84
780	2021	-29,87	-51,17	2468019,4
781	2022	-29,87	-51,17	2684055,36
782	2023	-29,87	-51,17	220461,64
783	1990	-29,87	-51,17	1401604,77
784	1991	-29,87	-51,17	1218042,96
785	1992	-29,87	-51,17	1453723,71
786	1993	-29,87	-51,17	1626207,72
787	1994	-29,87	-51,17	2196814,69
788	1995	-29,87	-51,17	2097138,91
789	1996	-29,87	-51,17	2468225,6
790	1997	-29,87	-51,17	2207127,7
791	1998	-29,87	-51,17	2431392,47
792	1999	-29,87	-51,17	2549057,65
793	2000	-29,87	-51,17	2644227,57
794	2001	-29,87	-51,17	2471292,53
795	2002	-29,87	-51,17	2337146,44
796	2003	-29,87	-51,17	2256941,54
797	2004	-29,87	-51,17	2228963,99
798	2005	-29,87	-51,17	2568205,52
799	2006	-29,87	-51,17	2514668
800	2007	-29,87	-51,17	3202119,12
801	2008	-29,87	-51,17	3140365,01
802	2009	-29,87	-51,17	3593042,99
803	2010	-29,87	-51,17	3205499,07
804	2011	-29,87	-51,17	3215621,16
805	2012	-29,87	-51,17	3374357,08
806	2013	-29,87	-51,17	4262304,91
807	2014	-29,87	-51,17	4137947,54
808	2015	-29,87	-51,17	3773552,67
809	2016	-29,87	-51,17	3269076,91
810	2017	-29,87	-51,17	2997150,59
811	2018	-29,87	-51,17	2963408,07
812	2019	-29,87	-51,17	3084998,21
813	2020	-29,87	-51,17	2918348,36
814	2021	-29,87	-51,17	3261311,35
815	2022	-29,87	-51,17	3546787,44
816	2023	-29,87	-51,17	291324,31
817	1990	-29,87	-51,17	681861,78
818	1991	-29,87	-51,17	592561,44
819	1992	-29,87	-51,17	707216,94
820	1993	-29,87	-51,17	791128,08
821	1994	-29,87	-51,17	1068720,66
822	1995	-29,87	-51,17	1020229,74
823	1996	-29,87	-51,17	1200758,4
824	1997	-29,87	-51,17	1073737,8
825	1998	-29,87	-51,17	1182839,58
826	1999	-29,87	-51,17	1240082,1
827	2000	-29,87	-51,17	1286380,98
828	2001	-29,87	-51,17	1202250,42
829	2002	-29,87	-51,17	1136990,16
830	2003	-29,87	-51,17	1097971,56
831	2004	-29,87	-51,17	1084360,86
832	2005	-29,87	-51,17	1249397,28
833	2006	-29,87	-51,17	1223352
834	2007	-29,87	-51,17	1557787,68
835	2008	-29,87	-51,17	1527745,14
836	2009	-29,87	-51,17	1747966,86
837	2010	-29,87	-51,17	1559431,98
838	2011	-29,87	-51,17	1564356,24
839	2012	-29,87	-51,17	1641579,12
840	2013	-29,87	-51,17	2073553,74
841	2014	-29,87	-51,17	2013055,56
842	2015	-29,87	-51,17	1835782,38
843	2016	-29,87	-51,17	1590361,74
844	2017	-29,87	-51,17	1458073,26
845	2018	-29,87	-51,17	1441657,98
846	2019	-29,87	-51,17	1500809,94
847	2020	-29,87	-51,17	1419737,04
848	2021	-29,87	-51,17	1586583,9
849	2022	-29,87	-51,17	1725464,16
850	2023	-29,87	-51,17	141725,34
851	1990	-29,87	-51,17	1363723,56
852	1991	-29,87	-51,17	1185122,88
853	1992	-29,87	-51,17	1414433,88
854	1993	-29,87	-51,17	1582256,16
855	1994	-29,87	-51,17	2137441,32
856	1995	-29,87	-51,17	2040459,48
857	1996	-29,87	-51,17	2401516,8
858	1997	-29,87	-51,17	2147475,6
859	1998	-29,87	-51,17	2365679,16
860	1999	-29,87	-51,17	2480164,2
861	2000	-29,87	-51,17	2572761,96
862	2001	-29,87	-51,17	2404500,84
863	2002	-29,87	-51,17	2273980,32
864	2003	-29,87	-51,17	2195943,12
865	2004	-29,87	-51,17	2168721,72
866	2005	-29,87	-51,17	2498794,56
867	2006	-29,87	-51,17	2446704
868	2007	-29,87	-51,17	3115575,36
869	2008	-29,87	-51,17	3055490,28
870	2009	-29,87	-51,17	3495933,72
871	2010	-29,87	-51,17	3118863,96
872	2011	-29,87	-51,17	3128712,48
873	2012	-29,87	-51,17	3283158,24
874	2013	-29,87	-51,17	4147107,48
875	2014	-29,87	-51,17	4026111,12
876	2015	-29,87	-51,17	3671564,76
877	2016	-29,87	-51,17	3180723,48
878	2017	-29,87	-51,17	2916146,52
879	2018	-29,87	-51,17	2883315,96
880	2019	-29,87	-51,17	3001619,88
881	2020	-29,87	-51,17	2839474,08
882	2021	-29,87	-51,17	3173167,8
883	2022	-29,87	-51,17	3450928,32
884	2023	-29,87	-51,17	283450,68
885	1990	-29,87	-51,17	492455,73
886	1991	-29,87	-51,17	427961,04
887	1992	-29,87	-51,17	510767,79
888	1993	-29,87	-51,17	571370,28
889	1994	-29,87	-51,17	771853,81
890	1995	-29,87	-51,17	736832,59
891	1996	-29,87	-51,17	867214,4
892	1997	-29,87	-51,17	775477,3
893	1998	-29,87	-51,17	854273,03
894	1999	-29,87	-51,17	895614,85
895	2000	-29,87	-51,17	929052,93
896	2001	-29,87	-51,17	868291,97
897	2002	-29,87	-51,17	821159,56
898	2003	-29,87	-51,17	792979,46
899	2004	-29,87	-51,17	783149,51
900	2005	-29,87	-51,17	902342,48
901	2006	-29,87	-51,17	883532
902	2007	-29,87	-51,17	1125068,88
903	2008	-29,87	-51,17	1103371,49
904	2009	-29,87	-51,17	1262420,51
905	2010	-29,87	-51,17	1126256,43
906	2011	-29,87	-51,17	1129812,84
907	2012	-29,87	-51,17	1185584,92
908	2013	-29,87	-51,17	1497566,59
909	2014	-29,87	-51,17	1453873,46
910	2015	-29,87	-51,17	1325842,83
911	2016	-29,87	-51,17	1148594,59
912	2017	-29,87	-51,17	1053052,91
913	2018	-29,87	-51,17	1041197,43
914	2019	-29,87	-51,17	1083918,29
915	2020	-29,87	-51,17	1025365,64
916	2021	-29,87	-51,17	1145866,15
917	2022	-29,87	-51,17	1246168,56
918	2023	-29,87	-51,17	102357,19
919	1990	-29,87	-51,17	492455,73
920	1991	-29,87	-51,17	427961,04
921	1992	-29,87	-51,17	510767,79
922	1993	-29,87	-51,17	571370,28
923	1994	-29,87	-51,17	771853,81
924	1995	-29,87	-51,17	736832,59
925	1996	-29,87	-51,17	867214,4
926	1997	-29,87	-51,17	775477,3
927	1998	-29,87	-51,17	854273,03
928	1999	-29,87	-51,17	895614,85
929	2000	-29,87	-51,17	929052,93
930	2001	-29,87	-51,17	868291,97
931	2002	-29,87	-51,17	821159,56
932	2003	-29,87	-51,17	792979,46
933	2004	-29,87	-51,17	783149,51
934	2005	-29,87	-51,17	902342,48
935	2006	-29,87	-51,17	883532
936	2007	-29,87	-51,17	1125068,88
937	2008	-29,87	-51,17	1103371,49
938	2009	-29,87	-51,17	1262420,51
939	2010	-29,87	-51,17	1126256,43
940	2011	-29,87	-51,17	1129812,84
941	2012	-29,87	-51,17	1185584,92
942	2013	-29,87	-51,17	1497566,59
943	2014	-29,87	-51,17	1453873,46
944	2015	-29,87	-51,17	1325842,83
945	2016	-29,87	-51,17	1148594,59
946	2017	-29,87	-51,17	1053052,91
947	2018	-29,87	-51,17	1041197,43
948	2019	-29,87	-51,17	1083918,29
949	2020	-29,87	-51,17	1025365,64
950	2021	-29,87	-51,17	1145866,15
951	2022	-29,87	-51,17	1246168,56
952	2023	-29,87	-51,17	102357,19
953	1990	-19,97	-44,1	2072782,6
954	1991	-19,97	-44,1	2134550,32
955	1992	-19,97	-44,1	2071684,72
956	1993	-19,97	-44,1	2133632,48
957	1994	-19,97	-44,1	2087074,36
958	1995	-19,97	-44,1	2110152,52
959	1996	-19,97	-44,1	1850300,76
960	1997	-19,97	-44,1	2127907,32
961	1998	-19,97	-44,1	1966077,68
962	1999	-19,97	-44,1	2177192,36
963	2000	-19,97	-44,1	2121037,8
964	2001	-19,97	-44,1	2156086,24
965	2002	-19,97	-44,1	2032073,4
966	2003	-19,97	-44,1	2094209,88
967	2004	-19,97	-44,1	2175551
968	2005	-19,97	-44,1	2164473,92
969	2006	-19,97	-44,1	2248470,28
970	2007	-19,97	-44,1	2173349,64
971	2008	-19,97	-44,1	2392119,52
972	2009	-19,97	-44,1	2335938,92
973	2010	-19,97	-44,1	2393459,32
974	2011	-19,97	-44,1	2166445,12
975	2012	-19,97	-44,1	2396669,8
976	2013	-19,97	-44,1	2430802,92
977	2014	-19,97	-44,1	2578061,92
978	2015	-19,97	-44,1	2479909,88
979	2016	-19,97	-44,1	2444256,64
980	2017	-19,97	-44,1	2296500,64
981	2018	-19,97	-44,1	2329412,68
982	2019	-19,97	-44,1	2253724,76
983	2020	-19,97	-44,1	2031319,08
984	2021	-19,97	-44,1	2232742,12
985	2022	-19,97	-44,1	2417155,16
986	2023	-19,97	-44,1	391808,2
987	1990	-19,97	-44,1	2739034,15
988	1991	-19,97	-44,1	2820655,78
989	1992	-19,97	-44,1	2737583,38
990	1993	-19,97	-44,1	2819442,92
991	1994	-19,97	-44,1	2757919,69
992	1995	-19,97	-44,1	2788415,83
993	1996	-19,97	-44,1	2445040,29
994	1997	-19,97	-44,1	2811877,53
995	1998	-19,97	-44,1	2598031,22
996	1999	-19,97	-44,1	2877004,19
997	2000	-19,97	-44,1	2802799,95
998	2001	-19,97	-44,1	2849113,96
999	2002	-19,97	-44,1	2685239,85
1000	2003	-19,97	-44,1	2767348,77
1001	2004	-19,97	-44,1	2874835,25
1002	2005	-19,97	-44,1	2860197,68
1003	2006	-19,97	-44,1	2971192,87
1004	2007	-19,97	-44,1	2871926,31
1005	2008	-19,97	-44,1	3161015,08
1006	2009	-19,97	-44,1	3086776,43
1007	2010	-19,97	-44,1	3162785,53
1008	2011	-19,97	-44,1	2862802,48
1009	2012	-19,97	-44,1	3167027,95
1010	2013	-19,97	-44,1	3212132,43
1011	2014	-19,97	-44,1	3406724,68
1012	2015	-19,97	-44,1	3277023,77
1013	2016	-19,97	-44,1	3229910,56
1014	2017	-19,97	-44,1	3034661,56
1015	2018	-19,97	-44,1	3078152,47
1016	2019	-19,97	-44,1	2978136,29
1017	2020	-19,97	-44,1	2684243,07
1018	2021	-19,97	-44,1	2950409,23
1019	2022	-19,97	-44,1	3194097,89
1020	2023	-19,97	-44,1	517746,55
1021	1990	-19,97	-44,1	1332503,1
1022	1991	-19,97	-44,1	1372210,92
1023	1992	-19,97	-44,1	1331797,32
1024	1993	-19,97	-44,1	1371620,88
1025	1994	-19,97	-44,1	1341690,66
1026	1995	-19,97	-44,1	1356526,62
1027	1996	-19,97	-44,1	1189479,06
1028	1997	-19,97	-44,1	1367940,42
1029	1998	-19,97	-44,1	1263907,08
1030	1999	-19,97	-44,1	1399623,66
1031	2000	-19,97	-44,1	1363524,3
1032	2001	-19,97	-44,1	1386055,44
1033	2002	-19,97	-44,1	1306332,9
1034	2003	-19,97	-44,1	1346277,78
1035	2004	-19,97	-44,1	1398568,5
1036	2005	-19,97	-44,1	1391447,52
1037	2006	-19,97	-44,1	1445445,18
1038	2007	-19,97	-44,1	1397153,34
1039	2008	-19,97	-44,1	1537791,12
1040	2009	-19,97	-44,1	1501675,02
1041	2010	-19,97	-44,1	1538652,42
1042	2011	-19,97	-44,1	1392714,72
1043	2012	-19,97	-44,1	1540716,3
1044	2013	-19,97	-44,1	1562659,02
1045	2014	-19,97	-44,1	1657325,52
1046	2015	-19,97	-44,1	1594227,78
1047	2016	-19,97	-44,1	1571307,84
1048	2017	-19,97	-44,1	1476321,84
1049	2018	-19,97	-44,1	1497479,58
1050	2019	-19,97	-44,1	1448823,06
1051	2020	-19,97	-44,1	1305847,98
1052	2021	-19,97	-44,1	1435334,22
1053	2022	-19,97	-44,1	1553885,46
1054	2023	-19,97	-44,1	251876,7
1055	1990	-19,97	-44,1	2665006,2
1056	1991	-19,97	-44,1	2744421,84
1057	1992	-19,97	-44,1	2663594,64
1058	1993	-19,97	-44,1	2743241,76
1059	1994	-19,97	-44,1	2683381,32
1060	1995	-19,97	-44,1	2713053,24
1061	1996	-19,97	-44,1	2378958,12
1062	1997	-19,97	-44,1	2735880,84
1063	1998	-19,97	-44,1	2527814,16
1064	1999	-19,97	-44,1	2799247,32
1065	2000	-19,97	-44,1	2727048,6
1066	2001	-19,97	-44,1	2772110,88
1067	2002	-19,97	-44,1	2612665,8
1068	2003	-19,97	-44,1	2692555,56
1069	2004	-19,97	-44,1	2797137
1070	2005	-19,97	-44,1	2782895,04
1071	2006	-19,97	-44,1	2890890,36
1072	2007	-19,97	-44,1	2794306,68
1073	2008	-19,97	-44,1	3075582,24
1074	2009	-19,97	-44,1	3003350,04
1075	2010	-19,97	-44,1	3077304,84
1076	2011	-19,97	-44,1	2785429,44
1077	2012	-19,97	-44,1	3081432,6
1078	2013	-19,97	-44,1	3125318,04
1079	2014	-19,97	-44,1	3314651,04
1080	2015	-19,97	-44,1	3188455,56
1081	2016	-19,97	-44,1	3142615,68
1082	2017	-19,97	-44,1	2952643,68
1083	2018	-19,97	-44,1	2994959,16
1084	2019	-19,97	-44,1	2897646,12
1085	2020	-19,97	-44,1	2611695,96
1086	2021	-19,97	-44,1	2870668,44
1087	2022	-19,97	-44,1	3107770,92
1088	2023	-19,97	-44,1	503753,4
1089	1990	-19,97	-44,1	962363,35
1090	1991	-19,97	-44,1	991041,22
1091	1992	-19,97	-44,1	961853,62
1092	1993	-19,97	-44,1	990615,08
1093	1994	-19,97	-44,1	968998,81
1094	1995	-19,97	-44,1	979713,67
1095	1996	-19,97	-44,1	859068,21
1096	1997	-19,97	-44,1	987956,97
1097	1998	-19,97	-44,1	912821,78
1098	1999	-19,97	-44,1	1010839,31
1099	2000	-19,97	-44,1	984767,55
1100	2001	-19,97	-44,1	1001040,04
1101	2002	-19,97	-44,1	943462,65
1102	2003	-19,97	-44,1	972311,73
1103	2004	-19,97	-44,1	1010077,25
1104	2005	-19,97	-44,1	1004934,32
1105	2006	-19,97	-44,1	1043932,63
1106	2007	-19,97	-44,1	1009055,19
1107	2008	-19,97	-44,1	1110626,92
1108	2009	-19,97	-44,1	1084543,07
1109	2010	-19,97	-44,1	1111248,97
1110	2011	-19,97	-44,1	1005849,52
1111	2012	-19,97	-44,1	1112739,55
1112	2013	-19,97	-44,1	1128587,07
1113	2014	-19,97	-44,1	1196957,32
1114	2015	-19,97	-44,1	1151386,73
1115	2016	-19,97	-44,1	1134833,44
1116	2017	-19,97	-44,1	1066232,44
1117	2018	-19,97	-44,1	1081513,03
1118	2019	-19,97	-44,1	1046372,21
1119	2020	-19,97	-44,1	943112,43
1120	2021	-19,97	-44,1	1036630,27
1121	2022	-19,97	-44,1	1122250,61
1122	2023	-19,97	-44,1	181910,95
1123	1990	-19,97	-44,1	962363,35
1124	1991	-19,97	-44,1	991041,22
1125	1992	-19,97	-44,1	961853,62
1126	1993	-19,97	-44,1	990615,08
1127	1994	-19,97	-44,1	968998,81
1128	1995	-19,97	-44,1	979713,67
1129	1996	-19,97	-44,1	859068,21
1130	1997	-19,97	-44,1	987956,97
1131	1998	-19,97	-44,1	912821,78
1132	1999	-19,97	-44,1	1010839,31
1133	2000	-19,97	-44,1	984767,55
1134	2001	-19,97	-44,1	1001040,04
1135	2002	-19,97	-44,1	943462,65
1136	2003	-19,97	-44,1	972311,73
1137	2004	-19,97	-44,1	1010077,25
1138	2005	-19,97	-44,1	1004934,32
1139	2006	-19,97	-44,1	1043932,63
1140	2007	-19,97	-44,1	1009055,19
1141	2008	-19,97	-44,1	1110626,92
1142	2009	-19,97	-44,1	1084543,07
1143	2010	-19,97	-44,1	1111248,97
1144	2011	-19,97	-44,1	1005849,52
1145	2012	-19,97	-44,1	1112739,55
1146	2013	-19,97	-44,1	1128587,07
1147	2014	-19,97	-44,1	1196957,32
1148	2015	-19,97	-44,1	1151386,73
1149	2016	-19,97	-44,1	1134833,44
1150	2017	-19,97	-44,1	1066232,44
1151	2018	-19,97	-44,1	1081513,03
1152	2019	-19,97	-44,1	1046372,21
1153	2020	-19,97	-44,1	943112,43
1154	2021	-19,97	-44,1	1036630,27
1155	2022	-19,97	-44,1	1122250,61
1156	2023	-19,97	-44,1	181910,95
1157	1990	-3,15	-59,95	141665,16
1158	1991	-3,15	-59,95	165625,88
1159	1992	-3,15	-59,95	173661,88
1160	1993	-3,15	-59,95	159255,04
1161	1994	-3,15	-59,95	170275
1162	1995	-3,15	-59,95	166879,16
1163	1996	-3,15	-59,95	196176,4
1164	1997	-3,15	-59,95	219676,8
1165	1998	-3,15	-59,95	232071,56
1166	1999	-3,15	-59,95	225463
1167	2000	-3,15	-59,95	497657,72
1168	2001	-3,15	-59,95	717040,52
1169	2002	-3,15	-59,95	756226,52
1170	2003	-3,15	-59,95	719423,6
1171	2004	-3,15	-59,95	742673,68
1172	2005	-3,15	-59,95	721672,84
1173	2006	-3,15	-59,95	585751,04
1174	2007	-3,15	-59,95	668886,68
1175	2008	-3,15	-59,95	646355,64
1176	2009	-3,15	-59,95	665440,72
1177	2010	-3,15	-59,95	684926,76
1178	2011	-3,15	-59,95	693084
1179	2012	-3,15	-59,95	588212,8
1180	2013	-3,15	-59,95	631989,96
1181	2014	-3,15	-59,95	670839,4
1182	2015	-3,15	-59,95	571345,88
1183	2016	-3,15	-59,95	504999,6
1184	2017	-3,15	-59,95	468687,24
1185	2018	-3,15	-59,95	478339,4
1186	2019	-3,15	-59,95	513248,4
1187	2020	-3,15	-59,95	443783,48
1188	2021	-3,15	-59,95	493995,32
1189	2022	-3,15	-59,95	502040,84
1190	2023	-3,15	-59,95	69966,68
1191	1990	-3,15	-59,95	187200,39
1192	1991	-3,15	-59,95	218862,77
1193	1992	-3,15	-59,95	229481,77
1194	1993	-3,15	-59,95	210444,16
1195	1994	-3,15	-59,95	225006,25
1196	1995	-3,15	-59,95	220518,89
1197	1996	-3,15	-59,95	259233,1
1198	1997	-3,15	-59,95	290287,2
1199	1998	-3,15	-59,95	306665,99
1200	1999	-3,15	-59,95	297933,25
1201	2000	-3,15	-59,95	657619,13
1202	2001	-3,15	-59,95	947517,83
1203	2002	-3,15	-59,95	999299,33
1204	2003	-3,15	-59,95	950666,9
1205	2004	-3,15	-59,95	981390,22
1206	2005	-3,15	-59,95	953639,11
1207	2006	-3,15	-59,95	774028,16
1208	2007	-3,15	-59,95	883885,97
1209	2008	-3,15	-59,95	854112,81
1210	2009	-3,15	-59,95	879332,38
1211	2010	-3,15	-59,95	905081,79
1212	2011	-3,15	-59,95	915861
1213	2012	-3,15	-59,95	777281,2
1214	2013	-3,15	-59,95	835129,59
1215	2014	-3,15	-59,95	886466,35
1216	2015	-3,15	-59,95	754992,77
1217	2016	-3,15	-59,95	667320,9
1218	2017	-3,15	-59,95	619336,71
1219	2018	-3,15	-59,95	632091,35
1220	2019	-3,15	-59,95	678221,1
1221	2020	-3,15	-59,95	586428,17
1222	2021	-3,15	-59,95	652779,53
1223	2022	-3,15	-59,95	663411,11
1224	2023	-3,15	-59,95	92455,97
1225	1990	-3,15	-59,95	65773,11
1226	1991	-3,15	-59,95	76897,73
1227	1992	-3,15	-59,95	80628,73
1228	1993	-3,15	-59,95	73939,84
1229	1994	-3,15	-59,95	79056,25
1230	1995	-3,15	-59,95	77479,61
1231	1996	-3,15	-59,95	91081,9
1232	1997	-3,15	-59,95	101992,8
1233	1998	-3,15	-59,95	107747,51
1234	1999	-3,15	-59,95	104679,25
1235	2000	-3,15	-59,95	231055,37
1236	2001	-3,15	-59,95	332911,67
1237	2002	-3,15	-59,95	351105,17
1238	2003	-3,15	-59,95	334018,1
1239	2004	-3,15	-59,95	344812,78
1240	2005	-3,15	-59,95	335062,39
1241	2006	-3,15	-59,95	271955,84
1242	2007	-3,15	-59,95	310554,53
1243	2008	-3,15	-59,95	300093,69
1244	2009	-3,15	-59,95	308954,62
1245	2010	-3,15	-59,95	318001,71
1246	2011	-3,15	-59,95	321789
1247	2012	-3,15	-59,95	273098,8
1248	2013	-3,15	-59,95	293423,91
1249	2014	-3,15	-59,95	311461,15
1250	2015	-3,15	-59,95	265267,73
1251	2016	-3,15	-59,95	234464,1
1252	2017	-3,15	-59,95	217604,79
1253	2018	-3,15	-59,95	222086,15
1254	2019	-3,15	-59,95	238293,9
1255	2020	-3,15	-59,95	206042,33
1256	2021	-3,15	-59,95	229354,97
1257	2022	-3,15	-59,95	233090,39
1258	2023	-3,15	-59,95	32484,53
1259	1990	-3,15	-59,95	65773,11
1260	1991	-3,15	-59,95	76897,73
1261	1992	-3,15	-59,95	80628,73
1262	1993	-3,15	-59,95	73939,84
1263	1994	-3,15	-59,95	79056,25
1264	1995	-3,15	-59,95	77479,61
1265	1996	-3,15	-59,95	91081,9
1266	1997	-3,15	-59,95	101992,8
1267	1998	-3,15	-59,95	107747,51
1268	1999	-3,15	-59,95	104679,25
1269	2000	-3,15	-59,95	231055,37
1270	2001	-3,15	-59,95	332911,67
1271	2002	-3,15	-59,95	351105,17
1272	2003	-3,15	-59,95	334018,1
1273	2004	-3,15	-59,95	344812,78
1274	2005	-3,15	-59,95	335062,39
1275	2006	-3,15	-59,95	271955,84
1276	2007	-3,15	-59,95	310554,53
1277	2008	-3,15	-59,95	300093,69
1278	2009	-3,15	-59,95	308954,62
1279	2010	-3,15	-59,95	318001,71
1280	2011	-3,15	-59,95	321789
1281	2012	-3,15	-59,95	273098,8
1282	2013	-3,15	-59,95	293423,91
1283	2014	-3,15	-59,95	311461,15
1284	2015	-3,15	-59,95	265267,73
1285	2016	-3,15	-59,95	234464,1
1286	2017	-3,15	-59,95	217604,79
1287	2018	-3,15	-59,95	222086,15
1288	2019	-3,15	-59,95	238293,9
1289	2020	-3,15	-59,95	206042,33
1290	2021	-3,15	-59,95	229354,97
1291	2022	-3,15	-59,95	233090,39
1292	2023	-3,15	-59,95	32484,53
1293	1990	-25,57	-49,36	2227094,8
1294	1991	-25,57	-49,36	2203236,84
1295	1992	-25,57	-49,36	2062783,52
1296	1993	-25,57	-49,36	2432017,84
1297	1994	-25,57	-49,36	2670536,68
1298	1995	-25,57	-49,36	2246328,28
1299	1996	-25,57	-49,36	2626132,04
1300	1997	-25,57	-49,36	2687561,24
1301	1998	-25,57	-49,36	2598634,36
1302	1999	-25,57	-49,36	3079948,76
1303	2000	-25,57	-49,36	3073636,16
1304	2001	-25,57	-49,36	3105732,56
1305	2002	-25,57	-49,36	3185563,08
1306	2003	-25,57	-49,36	3108548,52
1307	2004	-25,57	-49,36	2704732,24
1308	2005	-25,57	-49,36	3085922,28
1309	2006	-25,57	-49,36	2997083,32
1310	2007	-25,57	-49,36	2753607,08
1311	2008	-25,57	-49,36	3020078,88
1312	2009	-25,57	-49,36	3068754,92
1313	2010	-25,57	-49,36	2786803,6
1314	2011	-25,57	-49,36	3159488,92
1315	2012	-25,57	-49,36	3248662,2
1316	2013	-25,57	-49,36	3169891,48
1317	2014	-25,57	-49,36	3321867,64
1318	2015	-25,57	-49,36	3225321,4
1319	2016	-25,57	-49,36	2760374,4
1320	2017	-25,57	-49,36	2642739,12
1321	2018	-25,57	-49,36	2811921
1322	2019	-25,57	-49,36	2739783,48
1323	2020	-25,57	-49,36	2920729,28
1324	2021	-25,57	-49,36	2961323,12
1325	2022	-25,57	-49,36	2626225,56
1326	2023	-25,57	-49,36	486963,4
1327	1990	-25,57	-49,36	2942946,7
1328	1991	-25,57	-49,36	2911420,11
1329	1992	-25,57	-49,36	2725821,08
1330	1993	-25,57	-49,36	3213737,86
1331	1994	-25,57	-49,36	3528923,47
1332	1995	-25,57	-49,36	2968362,37
1333	1996	-25,57	-49,36	3470245,91
1334	1997	-25,57	-49,36	3551420,21
1335	1998	-25,57	-49,36	3433909,69
1336	1999	-25,57	-49,36	4069932,29
1337	2000	-25,57	-49,36	4061590,64
1338	2001	-25,57	-49,36	4104003,74
1339	2002	-25,57	-49,36	4209494,07
1340	2003	-25,57	-49,36	4107724,83
1341	2004	-25,57	-49,36	3574110,46
1342	2005	-25,57	-49,36	4077825,87
1343	2006	-25,57	-49,36	3960431,53
1344	2007	-25,57	-49,36	3638695,07
1345	2008	-25,57	-49,36	3990818,52
1346	2009	-25,57	-49,36	4055140,43
1347	2010	-25,57	-49,36	3682561,9
1348	2011	-25,57	-49,36	4175038,93
1349	2012	-25,57	-49,36	4292875,05
1350	2013	-25,57	-49,36	4188785,17
1351	2014	-25,57	-49,36	4389610,81
1352	2015	-25,57	-49,36	4262031,85
1353	2016	-25,57	-49,36	3647637,6
1354	2017	-25,57	-49,36	3492190,98
1355	2018	-25,57	-49,36	3715752,75
1356	2019	-25,57	-49,36	3620428,17
1357	2020	-25,57	-49,36	3859535,12
1358	2021	-25,57	-49,36	3913176,98
1359	2022	-25,57	-49,36	3470369,49
1360	2023	-25,57	-49,36	643487,35
1361	1990	-25,57	-49,36	1431703,8
1362	1991	-25,57	-49,36	1416366,54
1363	1992	-25,57	-49,36	1326075,12
1364	1993	-25,57	-49,36	1563440,04
1365	1994	-25,57	-49,36	1716773,58
1366	1995	-25,57	-49,36	1444068,18
1367	1996	-25,57	-49,36	1688227,74
1368	1997	-25,57	-49,36	1727717,94
1369	1998	-25,57	-49,36	1670550,66
1370	1999	-25,57	-49,36	1979967,06
1371	2000	-25,57	-49,36	1975908,96
1372	2001	-25,57	-49,36	1996542,36
1373	2002	-25,57	-49,36	2047861,98
1374	2003	-25,57	-49,36	1998352,62
1375	2004	-25,57	-49,36	1738756,44
1376	2005	-25,57	-49,36	1983807,18
1377	2006	-25,57	-49,36	1926696,42
1378	2007	-25,57	-49,36	1770175,98
1379	2008	-25,57	-49,36	1941479,28
1380	2009	-25,57	-49,36	1972771,02
1381	2010	-25,57	-49,36	1791516,6
1382	2011	-25,57	-49,36	2031100,02
1383	2012	-25,57	-49,36	2088425,7
1384	2013	-25,57	-49,36	2037787,38
1385	2014	-25,57	-49,36	2135486,34
1386	2015	-25,57	-49,36	2073420,9
1387	2016	-25,57	-49,36	1774526,4
1388	2017	-25,57	-49,36	1698903,72
1389	2018	-25,57	-49,36	1807663,5
1390	2019	-25,57	-49,36	1761289,38
1391	2020	-25,57	-49,36	1877611,68
1392	2021	-25,57	-49,36	1903707,72
1393	2022	-25,57	-49,36	1688287,86
1394	2023	-25,57	-49,36	313047,9
1395	1990	-25,57	-49,36	2863407,6
1396	1991	-25,57	-49,36	2832733,08
1397	1992	-25,57	-49,36	2652150,24
1398	1993	-25,57	-49,36	3126880,08
1399	1994	-25,57	-49,36	3433547,16
1400	1995	-25,57	-49,36	2888136,36
1401	1996	-25,57	-49,36	3376455,48
1402	1997	-25,57	-49,36	3455435,88
1403	1998	-25,57	-49,36	3341101,32
1404	1999	-25,57	-49,36	3959934,12
1405	2000	-25,57	-49,36	3951817,92
1406	2001	-25,57	-49,36	3993084,72
1407	2002	-25,57	-49,36	4095723,96
1408	2003	-25,57	-49,36	3996705,24
1409	2004	-25,57	-49,36	3477512,88
1410	2005	-25,57	-49,36	3967614,36
1411	2006	-25,57	-49,36	3853392,84
1412	2007	-25,57	-49,36	3540351,96
1413	2008	-25,57	-49,36	3882958,56
1414	2009	-25,57	-49,36	3945542,04
1415	2010	-25,57	-49,36	3583033,2
1416	2011	-25,57	-49,36	4062200,04
1417	2012	-25,57	-49,36	4176851,4
1418	2013	-25,57	-49,36	4075574,76
1419	2014	-25,57	-49,36	4270972,68
1420	2015	-25,57	-49,36	4146841,8
1421	2016	-25,57	-49,36	3549052,8
1422	2017	-25,57	-49,36	3397807,44
1423	2018	-25,57	-49,36	3615327
1424	2019	-25,57	-49,36	3522578,76
1425	2020	-25,57	-49,36	3755223,36
1426	2021	-25,57	-49,36	3807415,44
1427	2022	-25,57	-49,36	3376575,72
1428	2023	-25,57	-49,36	626095,8
1429	1990	-25,57	-49,36	1034008,3
1430	1991	-25,57	-49,36	1022931,39
1431	1992	-25,57	-49,36	957720,92
1432	1993	-25,57	-49,36	1129151,14
1433	1994	-25,57	-49,36	1239892,03
1434	1995	-25,57	-49,36	1042938,13
1435	1996	-25,57	-49,36	1219275,59
1436	1997	-25,57	-49,36	1247796,29
1437	1998	-25,57	-49,36	1206508,81
1438	1999	-25,57	-49,36	1429976,21
1439	2000	-25,57	-49,36	1427045,36
1440	2001	-25,57	-49,36	1441947,26
1441	2002	-25,57	-49,36	1479011,43
1442	2003	-25,57	-49,36	1443254,67
1443	2004	-25,57	-49,36	1255768,54
1444	2005	-25,57	-49,36	1432749,63
1445	2006	-25,57	-49,36	1391502,97
1446	2007	-25,57	-49,36	1278460,43
1447	2008	-25,57	-49,36	1402179,48
1448	2009	-25,57	-49,36	1424779,07
1449	2010	-25,57	-49,36	1293873,1
1450	2011	-25,57	-49,36	1466905,57
1451	2012	-25,57	-49,36	1508307,45
1452	2013	-25,57	-49,36	1471735,33
1453	2014	-25,57	-49,36	1542295,69
1454	2015	-25,57	-49,36	1497470,65
1455	2016	-25,57	-49,36	1281602,4
1456	2017	-25,57	-49,36	1226986,02
1457	2018	-25,57	-49,36	1305534,75
1458	2019	-25,57	-49,36	1272042,33
1459	2020	-25,57	-49,36	1356052,88
1460	2021	-25,57	-49,36	1374900,02
1461	2022	-25,57	-49,36	1219319,01
1462	2023	-25,57	-49,36	226090,15
1463	1990	-25,57	-49,36	1034008,3
1464	1991	-25,57	-49,36	1022931,39
1465	1992	-25,57	-49,36	957720,92
1466	1993	-25,57	-49,36	1129151,14
1467	1994	-25,57	-49,36	1239892,03
1468	1995	-25,57	-49,36	1042938,13
1469	1996	-25,57	-49,36	1219275,59
1470	1997	-25,57	-49,36	1247796,29
1471	1998	-25,57	-49,36	1206508,81
1472	1999	-25,57	-49,36	1429976,21
1473	2000	-25,57	-49,36	1427045,36
1474	2001	-25,57	-49,36	1441947,26
1475	2002	-25,57	-49,36	1479011,43
1476	2003	-25,57	-49,36	1443254,67
1477	2004	-25,57	-49,36	1255768,54
1478	2005	-25,57	-49,36	1432749,63
1479	2006	-25,57	-49,36	1391502,97
1480	2007	-25,57	-49,36	1278460,43
1481	2008	-25,57	-49,36	1402179,48
1482	2009	-25,57	-49,36	1424779,07
1483	2010	-25,57	-49,36	1293873,1
1484	2011	-25,57	-49,36	1466905,57
1485	2012	-25,57	-49,36	1508307,45
1486	2013	-25,57	-49,36	1471735,33
1487	2014	-25,57	-49,36	1542295,69
1488	2015	-25,57	-49,36	1497470,65
1489	2016	-25,57	-49,36	1281602,4
1490	2017	-25,57	-49,36	1226986,02
1491	2018	-25,57	-49,36	1305534,75
1492	2019	-25,57	-49,36	1272042,33
1493	2020	-25,57	-49,36	1356052,88
1494	2021	-25,57	-49,36	1374900,02
1495	2022	-25,57	-49,36	1219319,01
1496	2023	-25,57	-49,36	226090,15
1497	1990	-22,73	-47,14	3406897,2
1498	1991	-22,73	-47,14	3513551,16
1499	1992	-22,73	-47,14	3293378,2
1500	1993	-22,73	-47,14	3445439,76
1501	1994	-22,73	-47,14	3597339,2
1502	1995	-22,73	-47,14	3960125,12
1503	1996	-22,73	-47,14	4032339,64
1504	1997	-22,73	-47,14	4273736,88
1505	1998	-22,73	-47,14	5039497,68
1506	1999	-22,73	-47,14	4776597
1507	2000	-22,73	-47,14	5409555,48
1508	2001	-22,73	-47,14	5280092,72
1509	2002	-22,73	-47,14	5316453,8
1510	2003	-22,73	-47,14	4823947,52
1511	2004	-22,73	-47,14	5808782,28
1512	2005	-22,73	-47,14	5429360,44
1513	2006	-22,73	-47,14	5703031,04
1514	2007	-22,73	-47,14	5747645,12
1515	2008	-22,73	-47,14	5368287,68
1516	2009	-22,73	-47,14	5623555
1517	2010	-22,73	-47,14	5236105,56
1518	2011	-22,73	-47,14	6163184,16
1519	2012	-22,73	-47,14	6438312,72
1520	2013	-22,73	-47,14	6927190,48
1521	2014	-22,73	-47,14	6722333,52
1522	2015	-22,73	-47,14	6411077,96
1523	2016	-22,73	-47,14	5470511,2
1524	2017	-22,73	-47,14	5308904,16
1525	2018	-22,73	-47,14	4682664,28
1526	2019	-22,73	-47,14	5364337,16
1527	2020	-22,73	-47,14	5025876,52
1528	2021	-22,73	-47,14	5814611,04
1529	2022	-22,73	-47,14	6158893,44
1530	2023	-22,73	-47,14	1059242,24
1531	1990	-22,73	-47,14	4501971,3
1532	1991	-22,73	-47,14	4642906,89
1533	1992	-22,73	-47,14	4351964,05
1534	1993	-22,73	-47,14	4552902,54
1535	1994	-22,73	-47,14	4753626,8
1536	1995	-22,73	-47,14	5233022,48
1537	1996	-22,73	-47,14	5328448,81
1538	1997	-22,73	-47,14	5647438,02
1539	1998	-22,73	-47,14	6659336,22
1540	1999	-22,73	-47,14	6311931,75
1541	2000	-22,73	-47,14	7148341,17
1542	2001	-22,73	-47,14	6977265,38
1543	2002	-22,73	-47,14	7025313,95
1544	2003	-22,73	-47,14	6374502,08
1545	2004	-22,73	-47,14	7675890,87
1546	2005	-22,73	-47,14	7174512,01
1547	2006	-22,73	-47,14	7536148,16
1548	2007	-22,73	-47,14	7595102,48
1549	2008	-22,73	-47,14	7093808,72
1550	2009	-22,73	-47,14	7431126,25
1551	2010	-22,73	-47,14	6919139,49
1552	2011	-22,73	-47,14	8144207,64
1553	2012	-22,73	-47,14	8507770,38
1554	2013	-22,73	-47,14	9153787,42
1555	2014	-22,73	-47,14	8883083,58
1556	2015	-22,73	-47,14	8471781,59
1557	2016	-22,73	-47,14	7228889,8
1558	2017	-22,73	-47,14	7015337,64
1559	2018	-22,73	-47,14	6187806,37
1560	2019	-22,73	-47,14	7088588,39
1561	2020	-22,73	-47,14	6641336,83
1562	2021	-22,73	-47,14	7683593,16
1563	2022	-22,73	-47,14	8138537,76
1564	2023	-22,73	-47,14	1399712,96
1565	1990	-22,73	-47,14	2190148,2
1566	1991	-22,73	-47,14	2258711,46
1567	1992	-22,73	-47,14	2117171,7
1568	1993	-22,73	-47,14	2214925,56
1569	1994	-22,73	-47,14	2312575,2
1570	1995	-22,73	-47,14	2545794,72
1571	1996	-22,73	-47,14	2592218,34
1572	1997	-22,73	-47,14	2747402,28
1573	1998	-22,73	-47,14	3239677,08
1574	1999	-22,73	-47,14	3070669,5
1575	2000	-22,73	-47,14	3477571,38
1576	2001	-22,73	-47,14	3394345,32
1577	2002	-22,73	-47,14	3417720,3
1578	2003	-22,73	-47,14	3101109,12
1579	2004	-22,73	-47,14	3734217,18
1580	2005	-22,73	-47,14	3490303,14
1581	2006	-22,73	-47,14	3666234,24
1582	2007	-22,73	-47,14	3694914,72
1583	2008	-22,73	-47,14	3451042,08
1584	2009	-22,73	-47,14	3615142,5
1585	2010	-22,73	-47,14	3366067,86
1586	2011	-22,73	-47,14	3962046,96
1587	2012	-22,73	-47,14	4138915,32
1588	2013	-22,73	-47,14	4453193,88
1589	2014	-22,73	-47,14	4321500,12
1590	2015	-22,73	-47,14	4121407,26
1591	2016	-22,73	-47,14	3516757,2
1592	2017	-22,73	-47,14	3412866,96
1593	2018	-22,73	-47,14	3010284,18
1594	2019	-22,73	-47,14	3448502,46
1595	2020	-22,73	-47,14	3230920,62
1596	2021	-22,73	-47,14	3737964,24
1597	2022	-22,73	-47,14	3959288,64
1598	2023	-22,73	-47,14	680941,44
1599	1990	-22,73	-47,14	4380296,4
1600	1991	-22,73	-47,14	4517422,92
1601	1992	-22,73	-47,14	4234343,4
1602	1993	-22,73	-47,14	4429851,12
1603	1994	-22,73	-47,14	4625150,4
1604	1995	-22,73	-47,14	5091589,44
1605	1996	-22,73	-47,14	5184436,68
1606	1997	-22,73	-47,14	5494804,56
1607	1998	-22,73	-47,14	6479354,16
1608	1999	-22,73	-47,14	6141339
1609	2000	-22,73	-47,14	6955142,76
1610	2001	-22,73	-47,14	6788690,64
1611	2002	-22,73	-47,14	6835440,6
1612	2003	-22,73	-47,14	6202218,24
1613	2004	-22,73	-47,14	7468434,36
1614	2005	-22,73	-47,14	6980606,28
1615	2006	-22,73	-47,14	7332468,48
1616	2007	-22,73	-47,14	7389829,44
1617	2008	-22,73	-47,14	6902084,16
1618	2009	-22,73	-47,14	7230285
1619	2010	-22,73	-47,14	6732135,72
1620	2011	-22,73	-47,14	7924093,92
1621	2012	-22,73	-47,14	8277830,64
1622	2013	-22,73	-47,14	8906387,76
1623	2014	-22,73	-47,14	8643000,24
1624	2015	-22,73	-47,14	8242814,52
1625	2016	-22,73	-47,14	7033514,4
1626	2017	-22,73	-47,14	6825733,92
1627	2018	-22,73	-47,14	6020568,36
1628	2019	-22,73	-47,14	6897004,92
1629	2020	-22,73	-47,14	6461841,24
1630	2021	-22,73	-47,14	7475928,48
1631	2022	-22,73	-47,14	7918577,28
1632	2023	-22,73	-47,14	1361882,88
1633	1990	-22,73	-47,14	1581773,7
1634	1991	-22,73	-47,14	1631291,61
1635	1992	-22,73	-47,14	1529068,45
1636	1993	-22,73	-47,14	1599668,46
1637	1994	-22,73	-47,14	1670193,2
1638	1995	-22,73	-47,14	1838629,52
1639	1996	-22,73	-47,14	1872157,69
1640	1997	-22,73	-47,14	1984234,98
1641	1998	-22,73	-47,14	2339766,78
1642	1999	-22,73	-47,14	2217705,75
1643	2000	-22,73	-47,14	2511579,33
1644	2001	-22,73	-47,14	2451471,62
1645	2002	-22,73	-47,14	2468353,55
1646	2003	-22,73	-47,14	2239689,92
1647	2004	-22,73	-47,14	2696934,63
1648	2005	-22,73	-47,14	2520774,49
1649	2006	-22,73	-47,14	2647835,84
1650	2007	-22,73	-47,14	2668549,52
1651	2008	-22,73	-47,14	2492419,28
1652	2009	-22,73	-47,14	2610936,25
1653	2010	-22,73	-47,14	2431049,01
1654	2011	-22,73	-47,14	2861478,36
1655	2012	-22,73	-47,14	2989216,62
1656	2013	-22,73	-47,14	3216195,58
1657	2014	-22,73	-47,14	3121083,42
1658	2015	-22,73	-47,14	2976571,91
1659	2016	-22,73	-47,14	2539880,2
1660	2017	-22,73	-47,14	2464848,36
1661	2018	-22,73	-47,14	2174094,13
1662	2019	-22,73	-47,14	2490585,11
1663	2020	-22,73	-47,14	2333442,67
1664	2021	-22,73	-47,14	2699640,84
1665	2022	-22,73	-47,14	2859486,24
1666	2023	-22,73	-47,14	491791,04
1667	1990	-22,73	-47,14	1581773,7
1668	1991	-22,73	-47,14	1631291,61
1669	1992	-22,73	-47,14	1529068,45
1670	1993	-22,73	-47,14	1599668,46
1671	1994	-22,73	-47,14	1670193,2
1672	1995	-22,73	-47,14	1838629,52
1673	1996	-22,73	-47,14	1872157,69
1674	1997	-22,73	-47,14	1984234,98
1675	1998	-22,73	-47,14	2339766,78
1676	1999	-22,73	-47,14	2217705,75
1677	2000	-22,73	-47,14	2511579,33
1678	2001	-22,73	-47,14	2451471,62
1679	2002	-22,73	-47,14	2468353,55
1680	2003	-22,73	-47,14	2239689,92
1681	2004	-22,73	-47,14	2696934,63
1682	2005	-22,73	-47,14	2520774,49
1683	2006	-22,73	-47,14	2647835,84
1684	2007	-22,73	-47,14	2668549,52
1685	2008	-22,73	-47,14	2492419,28
1686	2009	-22,73	-47,14	2610936,25
1687	2010	-22,73	-47,14	2431049,01
1688	2011	-22,73	-47,14	2861478,36
1689	2012	-22,73	-47,14	2989216,62
1690	2013	-22,73	-47,14	3216195,58
1691	2014	-22,73	-47,14	3121083,42
1692	2015	-22,73	-47,14	2976571,91
1693	2016	-22,73	-47,14	2539880,2
1694	2017	-22,73	-47,14	2464848,36
1695	2018	-22,73	-47,14	2174094,13
1696	2019	-22,73	-47,14	2490585,11
1697	2020	-22,73	-47,14	2333442,67
1698	2021	-22,73	-47,14	2699640,84
1699	2022	-22,73	-47,14	2859486,24
1700	2023	-22,73	-47,14	491791,04
1701	1990	-23,19	-45,82	2921223,76
1702	1991	-23,19	-45,82	2539948,32
1703	1992	-23,19	-45,82	2938109,44
1704	1993	-23,19	-45,82	2593677,52
1705	1994	-23,19	-45,82	3243735,6
1706	1995	-23,19	-45,82	2874260,2
1707	1996	-23,19	-45,82	2770252,52
1708	1997	-23,19	-45,82	3061259,32
1709	1998	-23,19	-45,82	3397329,6
1710	1999	-23,19	-45,82	3230308,2
1711	2000	-23,19	-45,82	3622250,24
1712	2001	-23,19	-45,82	3609681,32
1713	2002	-23,19	-45,82	3224149,32
1714	2003	-23,19	-45,82	3555516,44
1715	2004	-23,19	-45,82	3919653,64
1716	2005	-23,19	-45,82	3945347,56
1717	2006	-23,19	-45,82	3514820,12
1718	2007	-23,19	-45,82	3904693,52
1719	2008	-23,19	-45,82	3414969,88
1720	2009	-23,19	-45,82	3975136,76
1721	2010	-23,19	-45,82	3943828,84
1722	2011	-23,19	-45,82	3925474,56
1723	2012	-23,19	-45,82	3971936,64
1724	2013	-23,19	-45,82	3750391,96
1725	2014	-23,19	-45,82	4185943,16
1726	2015	-23,19	-45,82	3973811,8
1727	2016	-23,19	-45,82	3553382
1728	2017	-23,19	-45,82	3402160,72
1729	2018	-23,19	-45,82	3478032,88
1730	2019	-23,19	-45,82	3036738,04
1731	2020	-23,19	-45,82	3566753,96
1732	2021	-23,19	-45,82	3764263,44
1733	2022	-23,19	-45,82	3745058,52
1734	2023	-23,19	-45,82	493402,28
1735	1990	-23,19	-45,82	3860188,54
1736	1991	-23,19	-45,82	3356360,28
1737	1992	-23,19	-45,82	3882501,76
1738	1993	-23,19	-45,82	3427359,58
1739	1994	-23,19	-45,82	4286364,9
1740	1995	-23,19	-45,82	3798129,55
1741	1996	-23,19	-45,82	3660690,83
1742	1997	-23,19	-45,82	4045235,53
1743	1998	-23,19	-45,82	4489328,4
1744	1999	-23,19	-45,82	4268621,55
1745	2000	-23,19	-45,82	4786544,96
1746	2001	-23,19	-45,82	4769936,03
1747	2002	-23,19	-45,82	4260483,03
1748	2003	-23,19	-45,82	4698361,01
1749	2004	-23,19	-45,82	5179542,31
1750	2005	-23,19	-45,82	5213494,99
1751	2006	-23,19	-45,82	4644583,73
1752	2007	-23,19	-45,82	5159773,58
1753	2008	-23,19	-45,82	4512638,77
1754	2009	-23,19	-45,82	5252859,29
1755	2010	-23,19	-45,82	5211488,11
1756	2011	-23,19	-45,82	5187234,24
1757	2012	-23,19	-45,82	5248630,56
1758	2013	-23,19	-45,82	4955875,09
1759	2014	-23,19	-45,82	5531424,89
1760	2015	-23,19	-45,82	5251108,45
1761	2016	-23,19	-45,82	4695540,5
1762	2017	-23,19	-45,82	4495712,38
1763	2018	-23,19	-45,82	4595972,02
1764	2019	-23,19	-45,82	4012832,41
1765	2020	-23,19	-45,82	4713210,59
1766	2021	-23,19	-45,82	4974205,26
1767	2022	-23,19	-45,82	4948827,33
1768	2023	-23,19	-45,82	651995,87
1769	1990	-23,19	-45,82	1877929,56
1770	1991	-23,19	-45,82	1632823,92
1771	1992	-23,19	-45,82	1888784,64
1772	1993	-23,19	-45,82	1667364,12
1773	1994	-23,19	-45,82	2085258,6
1774	1995	-23,19	-45,82	1847738,7
1775	1996	-23,19	-45,82	1780876,62
1776	1997	-23,19	-45,82	1967952,42
1777	1998	-23,19	-45,82	2183997,6
1778	1999	-23,19	-45,82	2076626,7
1779	2000	-23,19	-45,82	2328589,44
1780	2001	-23,19	-45,82	2320509,42
1781	2002	-23,19	-45,82	2072667,42
1782	2003	-23,19	-45,82	2285689,14
1783	2004	-23,19	-45,82	2519777,34
1784	2005	-23,19	-45,82	2536294,86
1785	2006	-23,19	-45,82	2259527,22
1786	2007	-23,19	-45,82	2510160,12
1787	2008	-23,19	-45,82	2195337,78
1788	2009	-23,19	-45,82	2555445,06
1789	2010	-23,19	-45,82	2535318,54
1790	2011	-23,19	-45,82	2523519,36
1791	2012	-23,19	-45,82	2553387,84
1792	2013	-23,19	-45,82	2410966,26
1793	2014	-23,19	-45,82	2690963,46
1794	2015	-23,19	-45,82	2554593,3
1795	2016	-23,19	-45,82	2284317
1796	2017	-23,19	-45,82	2187103,32
1797	2018	-23,19	-45,82	2235878,28
1798	2019	-23,19	-45,82	1952188,74
1799	2020	-23,19	-45,82	2292913,26
1800	2021	-23,19	-45,82	2419883,64
1801	2022	-23,19	-45,82	2407537,62
1802	2023	-23,19	-45,82	317187,18
1803	1990	-23,19	-45,82	3755859,12
1804	1991	-23,19	-45,82	3265647,84
1805	1992	-23,19	-45,82	3777569,28
1806	1993	-23,19	-45,82	3334728,24
1807	1994	-23,19	-45,82	4170517,2
1808	1995	-23,19	-45,82	3695477,4
1809	1996	-23,19	-45,82	3561753,24
1810	1997	-23,19	-45,82	3935904,84
1811	1998	-23,19	-45,82	4367995,2
1812	1999	-23,19	-45,82	4153253,4
1813	2000	-23,19	-45,82	4657178,88
1814	2001	-23,19	-45,82	4641018,84
1815	2002	-23,19	-45,82	4145334,84
1816	2003	-23,19	-45,82	4571378,28
1817	2004	-23,19	-45,82	5039554,68
1818	2005	-23,19	-45,82	5072589,72
1819	2006	-23,19	-45,82	4519054,44
1820	2007	-23,19	-45,82	5020320,24
1821	2008	-23,19	-45,82	4390675,56
1822	2009	-23,19	-45,82	5110890,12
1823	2010	-23,19	-45,82	5070637,08
1824	2011	-23,19	-45,82	5047038,72
1825	2012	-23,19	-45,82	5106775,68
1826	2013	-23,19	-45,82	4821932,52
1827	2014	-23,19	-45,82	5381926,92
1828	2015	-23,19	-45,82	5109186,6
1829	2016	-23,19	-45,82	4568634
1830	2017	-23,19	-45,82	4374206,64
1831	2018	-23,19	-45,82	4471756,56
1832	2019	-23,19	-45,82	3904377,48
1833	2020	-23,19	-45,82	4585826,52
1834	2021	-23,19	-45,82	4839767,28
1835	2022	-23,19	-45,82	4815075,24
1836	2023	-23,19	-45,82	634374,36
1837	1990	-23,19	-45,82	1356282,46
1838	1991	-23,19	-45,82	1179261,72
1839	1992	-23,19	-45,82	1364122,24
1840	1993	-23,19	-45,82	1204207,42
1841	1994	-23,19	-45,82	1506020,1
1842	1995	-23,19	-45,82	1334477,95
1843	1996	-23,19	-45,82	1286188,67
1844	1997	-23,19	-45,82	1421298,97
1845	1998	-23,19	-45,82	1577331,6
1846	1999	-23,19	-45,82	1499785,95
1847	2000	-23,19	-45,82	1681759,04
1848	2001	-23,19	-45,82	1675923,47
1849	2002	-23,19	-45,82	1496926,47
1850	2003	-23,19	-45,82	1650775,49
1851	2004	-23,19	-45,82	1819839,19
1852	2005	-23,19	-45,82	1831768,51
1853	2006	-23,19	-45,82	1631880,77
1854	2007	-23,19	-45,82	1812893,42
1855	2008	-23,19	-45,82	1585521,73
1856	2009	-23,19	-45,82	1845599,21
1857	2010	-23,19	-45,82	1831063,39
1858	2011	-23,19	-45,82	1822541,76
1859	2012	-23,19	-45,82	1844113,44
1860	2013	-23,19	-45,82	1741253,41
1861	2014	-23,19	-45,82	1943473,61
1862	2015	-23,19	-45,82	1844984,05
1863	2016	-23,19	-45,82	1649784,5
1864	2017	-23,19	-45,82	1579574,62
1865	2018	-23,19	-45,82	1614800,98
1866	2019	-23,19	-45,82	1409914,09
1867	2020	-23,19	-45,82	1655992,91
1868	2021	-23,19	-45,82	1747693,74
1869	2022	-23,19	-45,82	1738777,17
1870	2023	-23,19	-45,82	229079,63
1871	1990	-23,19	-45,82	1356282,46
1872	1991	-23,19	-45,82	1179261,72
1873	1992	-23,19	-45,82	1364122,24
1874	1993	-23,19	-45,82	1204207,42
1875	1994	-23,19	-45,82	1506020,1
1876	1995	-23,19	-45,82	1334477,95
1877	1996	-23,19	-45,82	1286188,67
1878	1997	-23,19	-45,82	1421298,97
1879	1998	-23,19	-45,82	1577331,6
1880	1999	-23,19	-45,82	1499785,95
1881	2000	-23,19	-45,82	1681759,04
1882	2001	-23,19	-45,82	1675923,47
1883	2002	-23,19	-45,82	1496926,47
1884	2003	-23,19	-45,82	1650775,49
1885	2004	-23,19	-45,82	1819839,19
1886	2005	-23,19	-45,82	1831768,51
1887	2006	-23,19	-45,82	1631880,77
1888	2007	-23,19	-45,82	1812893,42
1889	2008	-23,19	-45,82	1585521,73
1890	2009	-23,19	-45,82	1845599,21
1891	2010	-23,19	-45,82	1831063,39
1892	2011	-23,19	-45,82	1822541,76
1893	2012	-23,19	-45,82	1844113,44
1894	2013	-23,19	-45,82	1741253,41
1895	2014	-23,19	-45,82	1943473,61
1896	2015	-23,19	-45,82	1844984,05
1897	2016	-23,19	-45,82	1649784,5
1898	2017	-23,19	-45,82	1579574,62
1899	2018	-23,19	-45,82	1614800,98
1900	2019	-23,19	-45,82	1409914,09
1901	2020	-23,19	-45,82	1655992,91
1902	2021	-23,19	-45,82	1747693,74
1903	2022	-23,19	-45,82	1738777,17
1904	2023	-23,19	-45,82	229079,63
1905	1990	-32,04	-52,09	161236,88
1906	1991	-32,04	-52,09	153091,12
1907	1992	-32,04	-52,09	153009,08
1908	1993	-32,04	-52,09	158240,88
1909	1994	-32,04	-52,09	152070,8
1910	1995	-32,04	-52,09	153181,56
1911	1996	-32,04	-52,09	155165,92
1912	1997	-32,04	-52,09	156191,28
1913	1998	-32,04	-52,09	162462,44
1914	1999	-32,04	-52,09	195492,64
1915	2000	-32,04	-52,09	210384,44
1916	2001	-32,04	-52,09	211335,6
1917	2002	-32,04	-52,09	199358,04
1918	2003	-32,04	-52,09	225120,28
1919	2004	-32,04	-52,09	183855,56
1920	2005	-32,04	-52,09	74215,4
1921	2006	-32,04	-52,09	116300,24
1922	2007	-32,04	-52,09	215325,32
1923	2008	-32,04	-52,09	127668,52
1924	2009	-32,04	-52,09	222661,04
1925	2010	-32,04	-52,09	229853,12
1926	2011	-32,04	-52,09	245688,8
1927	2012	-32,04	-52,09	261633,12
1928	2013	-32,04	-52,09	255190,88
1929	2014	-32,04	-52,09	218160,6
1930	2015	-32,04	-52,09	159557,44
1931	2016	-32,04	-52,09	226664,48
1932	2017	-32,04	-52,09	236903,8
1933	2018	-32,04	-52,09	234149,72
1934	2019	-32,04	-52,09	251200,6
1935	2020	-32,04	-52,09	196095,48
1936	2021	-32,04	-52,09	182871,36
1937	2022	-32,04	-52,09	193817,4
1938	2023	-32,04	-52,09	40590,76
1939	1990	-32,04	-52,09	213063,02
1940	1991	-32,04	-52,09	202298,98
1941	1992	-32,04	-52,09	202190,57
1942	1993	-32,04	-52,09	209104,02
1943	1994	-32,04	-52,09	200950,7
1944	1995	-32,04	-52,09	202418,49
1945	1996	-32,04	-52,09	205040,68
1946	1997	-32,04	-52,09	206395,62
1947	1998	-32,04	-52,09	214682,51
1948	1999	-32,04	-52,09	258329,56
1949	2000	-32,04	-52,09	278008,01
1950	2001	-32,04	-52,09	279264,9
1951	2002	-32,04	-52,09	263437,41
1952	2003	-32,04	-52,09	297480,37
1953	2004	-32,04	-52,09	242951,99
1954	2005	-32,04	-52,09	98070,35
1955	2006	-32,04	-52,09	153682,46
1956	2007	-32,04	-52,09	284537,03
1957	2008	-32,04	-52,09	168704,83
1958	2009	-32,04	-52,09	294230,66
1959	2010	-32,04	-52,09	303734,48
1960	2011	-32,04	-52,09	324660,2
1961	2012	-32,04	-52,09	345729,48
1962	2013	-32,04	-52,09	337216,52
1963	2014	-32,04	-52,09	288283,65
1964	2015	-32,04	-52,09	210843,76
1965	2016	-32,04	-52,09	299520,92
1966	2017	-32,04	-52,09	313051,45
1967	2018	-32,04	-52,09	309412,13
1968	2019	-32,04	-52,09	331943,65
1969	2020	-32,04	-52,09	259126,17
1970	2021	-32,04	-52,09	241651,44
1971	2022	-32,04	-52,09	256115,85
1972	2023	-32,04	-52,09	53637,79
1973	1990	-32,04	-52,09	207304,56
1974	1991	-32,04	-52,09	196831,44
1975	1992	-32,04	-52,09	196725,96
1976	1993	-32,04	-52,09	203452,56
1977	1994	-32,04	-52,09	195519,6
1978	1995	-32,04	-52,09	196947,72
1979	1996	-32,04	-52,09	199499,04
1980	1997	-32,04	-52,09	200817,36
1981	1998	-32,04	-52,09	208880,28
1982	1999	-32,04	-52,09	251347,68
1983	2000	-32,04	-52,09	270494,28
1984	2001	-32,04	-52,09	271717,2
1985	2002	-32,04	-52,09	256317,48
1986	2003	-32,04	-52,09	289440,36
1987	2004	-32,04	-52,09	236385,72
1988	2005	-32,04	-52,09	95419,8
1989	2006	-32,04	-52,09	149528,88
1990	2007	-32,04	-52,09	276846,84
1991	2008	-32,04	-52,09	164145,24
1992	2009	-32,04	-52,09	286278,48
1993	2010	-32,04	-52,09	295525,44
1994	2011	-32,04	-52,09	315885,6
1995	2012	-32,04	-52,09	336385,44
1996	2013	-32,04	-52,09	328102,56
1997	2014	-32,04	-52,09	280492,2
1998	2015	-32,04	-52,09	205145,28
1999	2016	-32,04	-52,09	291425,76
2000	2017	-32,04	-52,09	304590,6
2001	2018	-32,04	-52,09	301049,64
2002	2019	-32,04	-52,09	322972,2
2003	2020	-32,04	-52,09	252122,76
2004	2021	-32,04	-52,09	235120,32
2005	2022	-32,04	-52,09	249193,8
2006	2023	-32,04	-52,09	52188,12
2007	1990	-32,04	-52,09	74859,98
2008	1991	-32,04	-52,09	71078,02
2009	1992	-32,04	-52,09	71039,93
2010	1993	-32,04	-52,09	73468,98
2011	1994	-32,04	-52,09	70604,3
2012	1995	-32,04	-52,09	71120,01
2013	1996	-32,04	-52,09	72041,32
2014	1997	-32,04	-52,09	72517,38
2015	1998	-32,04	-52,09	75428,99
2016	1999	-32,04	-52,09	90764,44
2017	2000	-32,04	-52,09	97678,49
2018	2001	-32,04	-52,09	98120,1
2019	2002	-32,04	-52,09	92559,09
2020	2003	-32,04	-52,09	104520,13
2021	2004	-32,04	-52,09	85361,51
2022	2005	-32,04	-52,09	34457,15
2023	2006	-32,04	-52,09	53996,54
2024	2007	-32,04	-52,09	99972,47
2025	2008	-32,04	-52,09	59274,67
2026	2009	-32,04	-52,09	103378,34
2027	2010	-32,04	-52,09	106717,52
2028	2011	-32,04	-52,09	114069,8
2029	2012	-32,04	-52,09	121472,52
2030	2013	-32,04	-52,09	118481,48
2031	2014	-32,04	-52,09	101288,85
2032	2015	-32,04	-52,09	74080,24
2033	2016	-32,04	-52,09	105237,08
2034	2017	-32,04	-52,09	109991,05
2035	2018	-32,04	-52,09	108712,37
2036	2019	-32,04	-52,09	116628,85
2037	2020	-32,04	-52,09	91044,33
2038	2021	-32,04	-52,09	84904,56
2039	2022	-32,04	-52,09	89986,65
2040	2023	-32,04	-52,09	18845,71
2041	1990	-32,04	-52,09	74859,98
2042	1991	-32,04	-52,09	71078,02
2043	1992	-32,04	-52,09	71039,93
2044	1993	-32,04	-52,09	73468,98
2045	1994	-32,04	-52,09	70604,3
2046	1995	-32,04	-52,09	71120,01
2047	1996	-32,04	-52,09	72041,32
2048	1997	-32,04	-52,09	72517,38
2049	1998	-32,04	-52,09	75428,99
2050	1999	-32,04	-52,09	90764,44
2051	2000	-32,04	-52,09	97678,49
2052	2001	-32,04	-52,09	98120,1
2053	2002	-32,04	-52,09	92559,09
2054	2003	-32,04	-52,09	104520,13
2055	2004	-32,04	-52,09	85361,51
2056	2005	-32,04	-52,09	34457,15
2057	2006	-32,04	-52,09	53996,54
2058	2007	-32,04	-52,09	99972,47
2059	2008	-32,04	-52,09	59274,67
2060	2009	-32,04	-52,09	103378,34
2061	2010	-32,04	-52,09	106717,52
2062	2011	-32,04	-52,09	114069,8
2063	2012	-32,04	-52,09	121472,52
2064	2013	-32,04	-52,09	118481,48
2065	2014	-32,04	-52,09	101288,85
2066	2015	-32,04	-52,09	74080,24
2067	2016	-32,04	-52,09	105237,08
2068	2017	-32,04	-52,09	109991,05
2069	2018	-32,04	-52,09	108712,37
2070	2019	-32,04	-52,09	116628,85
2071	2020	-32,04	-52,09	91044,33
2072	2021	-32,04	-52,09	84904,56
2073	2022	-32,04	-52,09	89986,65
2074	2023	-32,04	-52,09	18845,71
2075	1990	-12,71	-38,57	2015999,44
2076	1991	-12,71	-38,57	1799286,44
2077	1992	-12,71	-38,57	2089341,8
2078	1993	-12,71	-38,57	2041058,32
2079	1994	-12,71	-38,57	1902053,44
2080	1995	-12,71	-38,57	1905543,92
2081	1996	-12,71	-38,57	1790518,8
2082	1997	-12,71	-38,57	1984514,56
2083	1998	-12,71	-38,57	2808617,56
2084	1999	-12,71	-38,57	3128718,6
2085	2000	-12,71	-38,57	2783313,4
2086	2001	-12,71	-38,57	3378134,2
2087	2002	-12,71	-38,57	3302647,6
2088	2003	-12,71	-38,57	3137907,36
2089	2004	-12,71	-38,57	3814835,08
2090	2005	-12,71	-38,57	3996416,76
2091	2006	-12,71	-38,57	4223730,84
2092	2007	-12,71	-38,57	4210226,16
2093	2008	-12,71	-38,57	4151616
2094	2009	-12,71	-38,57	3593141,72
2095	2010	-12,71	-38,57	4078833,08
2096	2011	-12,71	-38,57	3875109
2097	2012	-12,71	-38,57	3877338,64
2098	2013	-12,71	-38,57	4552698,08
2099	2014	-12,71	-38,57	4895805,04
2100	2015	-12,71	-38,57	4237648,24
2101	2016	-12,71	-38,57	3793001,52
2102	2017	-12,71	-38,57	3543002,96
2103	2018	-12,71	-38,57	3538461,92
2104	2019	-12,71	-38,57	3671431,96
2105	2020	-12,71	-38,57	4044862,08
2106	2021	-12,71	-38,57	3355348,36
2107	2022	-12,71	-38,57	4049094,84
2108	1990	-12,71	-38,57	2663999,26
2109	1991	-12,71	-38,57	2377628,51
2110	1992	-12,71	-38,57	2760915,95
2111	1993	-12,71	-38,57	2697112,78
2112	1994	-12,71	-38,57	2513427,76
2113	1995	-12,71	-38,57	2518040,18
2114	1996	-12,71	-38,57	2366042,7
2115	1997	-12,71	-38,57	2622394,24
2116	1998	-12,71	-38,57	3711387,49
2117	1999	-12,71	-38,57	4134378,15
2118	2000	-12,71	-38,57	3677949,85
2119	2001	-12,71	-38,57	4463963,05
2120	2002	-12,71	-38,57	4364212,9
2121	2003	-12,71	-38,57	4146520,44
2122	2004	-12,71	-38,57	5041032,07
2123	2005	-12,71	-38,57	5280979,29
2124	2006	-12,71	-38,57	5581358,61
2125	2007	-12,71	-38,57	5563513,14
2126	2008	-12,71	-38,57	5486064
2127	2009	-12,71	-38,57	4748080,13
2128	2010	-12,71	-38,57	5389886,57
2129	2011	-12,71	-38,57	5120679,75
2130	2012	-12,71	-38,57	5123626,06
2131	2013	-12,71	-38,57	6016065,32
2132	2014	-12,71	-38,57	6469456,66
2133	2015	-12,71	-38,57	5599749,46
2134	2016	-12,71	-38,57	5012180,58
2135	2017	-12,71	-38,57	4681825,34
2136	2018	-12,71	-38,57	4675824,68
2137	2019	-12,71	-38,57	4851535,09
2138	2020	-12,71	-38,57	5344996,32
2139	2021	-12,71	-38,57	4433853,19
2140	2022	-12,71	-38,57	5350589,61
2141	1990	-12,71	-38,57	935999,74
2142	1991	-12,71	-38,57	835382,99
2143	1992	-12,71	-38,57	970051,55
2144	1993	-12,71	-38,57	947634,22
2145	1994	-12,71	-38,57	883096,24
2146	1995	-12,71	-38,57	884716,82
2147	1996	-12,71	-38,57	831312,3
2148	1997	-12,71	-38,57	921381,76
2149	1998	-12,71	-38,57	1304001,01
2150	1999	-12,71	-38,57	1452619,35
2151	2000	-12,71	-38,57	1292252,65
2152	2001	-12,71	-38,57	1568419,45
2153	2002	-12,71	-38,57	1533372,1
2154	2003	-12,71	-38,57	1456885,56
2155	2004	-12,71	-38,57	1771173,43
2156	2005	-12,71	-38,57	1855479,21
2157	2006	-12,71	-38,57	1961017,89
2158	2007	-12,71	-38,57	1954747,86
2159	2008	-12,71	-38,57	1927536
2160	2009	-12,71	-38,57	1668244,37
2161	2010	-12,71	-38,57	1893743,93
2162	2011	-12,71	-38,57	1799157,75
2163	2012	-12,71	-38,57	1800192,94
2164	2013	-12,71	-38,57	2113752,68
2165	2014	-12,71	-38,57	2273052,34
2166	2015	-12,71	-38,57	1967479,54
2167	2016	-12,71	-38,57	1761036,42
2168	2017	-12,71	-38,57	1644965,66
2169	2018	-12,71	-38,57	1642857,32
2170	2019	-12,71	-38,57	1704593,41
2171	2020	-12,71	-38,57	1877971,68
2172	2021	-12,71	-38,57	1557840,31
2173	2022	-12,71	-38,57	1879936,89
2174	1990	-12,71	-38,57	935999,74
2175	1991	-12,71	-38,57	835382,99
2176	1992	-12,71	-38,57	970051,55
2177	1993	-12,71	-38,57	947634,22
2178	1994	-12,71	-38,57	883096,24
2179	1995	-12,71	-38,57	884716,82
2180	1996	-12,71	-38,57	831312,3
2181	1997	-12,71	-38,57	921381,76
2182	1998	-12,71	-38,57	1304001,01
2183	1999	-12,71	-38,57	1452619,35
2184	2000	-12,71	-38,57	1292252,65
2185	2001	-12,71	-38,57	1568419,45
2186	2002	-12,71	-38,57	1533372,1
2187	2003	-12,71	-38,57	1456885,56
2188	2004	-12,71	-38,57	1771173,43
2189	2005	-12,71	-38,57	1855479,21
2190	2006	-12,71	-38,57	1961017,89
2191	2007	-12,71	-38,57	1954747,86
2192	2008	-12,71	-38,57	1927536
2193	2009	-12,71	-38,57	1668244,37
2194	2010	-12,71	-38,57	1893743,93
2195	2011	-12,71	-38,57	1799157,75
2196	2012	-12,71	-38,57	1800192,94
2197	2013	-12,71	-38,57	2113752,68
2198	2014	-12,71	-38,57	2273052,34
2199	2015	-12,71	-38,57	1967479,54
2200	2016	-12,71	-38,57	1761036,42
2201	2017	-12,71	-38,57	1644965,66
2202	2018	-12,71	-38,57	1642857,32
2203	2019	-12,71	-38,57	1704593,41
2204	2020	-12,71	-38,57	1877971,68
2205	2021	-12,71	-38,57	1557840,31
2206	2022	-12,71	-38,57	1879936,89
2207	1990	-23,87	-46,44	1641374
2208	1991	-23,87	-46,44	1735495,72
2209	1992	-23,87	-46,44	1744514,24
2210	1993	-23,87	-46,44	1710553,04
2211	1994	-23,87	-46,44	1946662,48
2212	1995	-23,87	-46,44	2163871,64
2213	1996	-23,87	-46,44	2124369,24
2214	1997	-23,87	-46,44	2318706,04
2215	1998	-23,87	-46,44	2272078,76
2216	1999	-23,87	-46,44	2555191,52
2217	2000	-23,87	-46,44	2572967,6
2218	2001	-23,87	-46,44	2511197,08
2219	2002	-23,87	-46,44	2483217,8
2220	2003	-23,87	-46,44	2667535,92
2221	2004	-23,87	-46,44	2522521,68
2222	2005	-23,87	-46,44	2572813,6
2223	2006	-23,87	-46,44	2661674,12
2224	2007	-23,87	-46,44	2497398,68
2225	2008	-23,87	-46,44	2744788,2
2226	2009	-23,87	-46,44	2696676,36
2227	2010	-23,87	-46,44	2608343,92
2228	2011	-23,87	-46,44	2465726,2
2229	2012	-23,87	-46,44	2553997,6
2230	2013	-23,87	-46,44	2855972,28
2231	2014	-23,87	-46,44	2882096
2232	2015	-23,87	-46,44	2557996,28
2233	2016	-23,87	-46,44	2320468,92
2234	2017	-23,87	-46,44	2351143,2
2235	2018	-23,87	-46,44	2328247,6
2236	2019	-23,87	-46,44	2165233
2237	2020	-23,87	-46,44	2337079,08
2238	2021	-23,87	-46,44	2434827,36
2239	2022	-23,87	-46,44	2831112,2
2240	2023	-23,87	-46,44	419845,44
2241	1990	-23,87	-46,44	2168958,5
2242	1991	-23,87	-46,44	2293333,63
2243	1992	-23,87	-46,44	2305250,96
2244	1993	-23,87	-46,44	2260373,66
2245	1994	-23,87	-46,44	2572375,42
2246	1995	-23,87	-46,44	2859401,81
2247	1996	-23,87	-46,44	2807202,21
2248	1997	-23,87	-46,44	3064004,41
2249	1998	-23,87	-46,44	3002389,79
2250	1999	-23,87	-46,44	3376503,08
2251	2000	-23,87	-46,44	3399992,9
2252	2001	-23,87	-46,44	3318367,57
2253	2002	-23,87	-46,44	3281394,95
2254	2003	-23,87	-46,44	3524958,18
2255	2004	-23,87	-46,44	3333332,22
2256	2005	-23,87	-46,44	3399789,4
2257	2006	-23,87	-46,44	3517212,23
2258	2007	-23,87	-46,44	3300133,97
2259	2008	-23,87	-46,44	3627041,55
2260	2009	-23,87	-46,44	3563465,19
2261	2010	-23,87	-46,44	3446740,18
2262	2011	-23,87	-46,44	3258281,05
2263	2012	-23,87	-46,44	3374925,4
2264	2013	-23,87	-46,44	3773963,37
2265	2014	-23,87	-46,44	3808484
2266	2015	-23,87	-46,44	3380209,37
2267	2016	-23,87	-46,44	3066333,93
2268	2017	-23,87	-46,44	3106867,8
2269	2018	-23,87	-46,44	3076612,9
2270	2019	-23,87	-46,44	2861200,75
2271	2020	-23,87	-46,44	3088283,07
2272	2021	-23,87	-46,44	3217450,44
2273	2022	-23,87	-46,44	3741112,55
2274	2023	-23,87	-46,44	554795,76
2275	1990	-23,87	-46,44	1055169
2276	1991	-23,87	-46,44	1115675,82
2277	1992	-23,87	-46,44	1121473,44
2278	1993	-23,87	-46,44	1099641,24
2279	1994	-23,87	-46,44	1251425,88
2280	1995	-23,87	-46,44	1391060,34
2281	1996	-23,87	-46,44	1365665,94
2282	1997	-23,87	-46,44	1490596,74
2283	1998	-23,87	-46,44	1460622,06
2284	1999	-23,87	-46,44	1642623,12
2285	2000	-23,87	-46,44	1654050,6
2286	2001	-23,87	-46,44	1614340,98
2287	2002	-23,87	-46,44	1596354,3
2288	2003	-23,87	-46,44	1714844,52
2289	2004	-23,87	-46,44	1621621,08
2290	2005	-23,87	-46,44	1653951,6
2291	2006	-23,87	-46,44	1711076,22
2292	2007	-23,87	-46,44	1605470,58
2293	2008	-23,87	-46,44	1764506,7
2294	2009	-23,87	-46,44	1733577,66
2295	2010	-23,87	-46,44	1676792,52
2296	2011	-23,87	-46,44	1585109,7
2297	2012	-23,87	-46,44	1641855,6
2298	2013	-23,87	-46,44	1835982,18
2299	2014	-23,87	-46,44	1852776
2300	2015	-23,87	-46,44	1644426,18
2301	2016	-23,87	-46,44	1491730,02
2302	2017	-23,87	-46,44	1511449,2
2303	2018	-23,87	-46,44	1496730,6
2304	2019	-23,87	-46,44	1391935,5
2305	2020	-23,87	-46,44	1502407,98
2306	2021	-23,87	-46,44	1565246,16
2307	2022	-23,87	-46,44	1820000,7
2308	2023	-23,87	-46,44	269900,64
2309	1990	-23,87	-46,44	2110338
2310	1991	-23,87	-46,44	2231351,64
2311	1992	-23,87	-46,44	2242946,88
2312	1993	-23,87	-46,44	2199282,48
2313	1994	-23,87	-46,44	2502851,76
2314	1995	-23,87	-46,44	2782120,68
2315	1996	-23,87	-46,44	2731331,88
2316	1997	-23,87	-46,44	2981193,48
2317	1998	-23,87	-46,44	2921244,12
2318	1999	-23,87	-46,44	3285246,24
2319	2000	-23,87	-46,44	3308101,2
2320	2001	-23,87	-46,44	3228681,96
2321	2002	-23,87	-46,44	3192708,6
2322	2003	-23,87	-46,44	3429689,04
2323	2004	-23,87	-46,44	3243242,16
2324	2005	-23,87	-46,44	3307903,2
2325	2006	-23,87	-46,44	3422152,44
2326	2007	-23,87	-46,44	3210941,16
2327	2008	-23,87	-46,44	3529013,4
2328	2009	-23,87	-46,44	3467155,32
2329	2010	-23,87	-46,44	3353585,04
2330	2011	-23,87	-46,44	3170219,4
2331	2012	-23,87	-46,44	3283711,2
2332	2013	-23,87	-46,44	3671964,36
2333	2014	-23,87	-46,44	3705552
2334	2015	-23,87	-46,44	3288852,36
2335	2016	-23,87	-46,44	2983460,04
2336	2017	-23,87	-46,44	3022898,4
2337	2018	-23,87	-46,44	2993461,2
2338	2019	-23,87	-46,44	2783871
2339	2020	-23,87	-46,44	3004815,96
2340	2021	-23,87	-46,44	3130492,32
2341	2022	-23,87	-46,44	3640001,4
2342	2023	-23,87	-46,44	539801,28
2343	1990	-23,87	-46,44	762066,5
2344	1991	-23,87	-46,44	805765,87
2345	1992	-23,87	-46,44	809953,04
2346	1993	-23,87	-46,44	794185,34
2347	1994	-23,87	-46,44	903807,58
2348	1995	-23,87	-46,44	1004654,69
2349	1996	-23,87	-46,44	986314,29
2350	1997	-23,87	-46,44	1076542,09
2351	1998	-23,87	-46,44	1054893,71
2352	1999	-23,87	-46,44	1186338,92
2353	2000	-23,87	-46,44	1194592,1
2354	2001	-23,87	-46,44	1165912,93
2355	2002	-23,87	-46,44	1152922,55
2356	2003	-23,87	-46,44	1238498,82
2357	2004	-23,87	-46,44	1171170,78
2358	2005	-23,87	-46,44	1194520,6
2359	2006	-23,87	-46,44	1235777,27
2360	2007	-23,87	-46,44	1159506,53
2361	2008	-23,87	-46,44	1274365,95
2362	2009	-23,87	-46,44	1252028,31
2363	2010	-23,87	-46,44	1211016,82
2364	2011	-23,87	-46,44	1144801,45
2365	2012	-23,87	-46,44	1185784,6
2366	2013	-23,87	-46,44	1325987,13
2367	2014	-23,87	-46,44	1338116
2368	2015	-23,87	-46,44	1187641,13
2369	2016	-23,87	-46,44	1077360,57
2370	2017	-23,87	-46,44	1091602,2
2371	2018	-23,87	-46,44	1080972,1
2372	2019	-23,87	-46,44	1005286,75
2373	2020	-23,87	-46,44	1085072,43
2374	2021	-23,87	-46,44	1130455,56
2375	2022	-23,87	-46,44	1314444,95
2376	2023	-23,87	-46,44	194928,24
2377	1990	-23,87	-46,44	762066,5
2378	1991	-23,87	-46,44	805765,87
2379	1992	-23,87	-46,44	809953,04
2380	1993	-23,87	-46,44	794185,34
2381	1994	-23,87	-46,44	903807,58
2382	1995	-23,87	-46,44	1004654,69
2383	1996	-23,87	-46,44	986314,29
2384	1997	-23,87	-46,44	1076542,09
2385	1998	-23,87	-46,44	1054893,71
2386	1999	-23,87	-46,44	1186338,92
2387	2000	-23,87	-46,44	1194592,1
2388	2001	-23,87	-46,44	1165912,93
2389	2002	-23,87	-46,44	1152922,55
2390	2003	-23,87	-46,44	1238498,82
2391	2004	-23,87	-46,44	1171170,78
2392	2005	-23,87	-46,44	1194520,6
2393	2006	-23,87	-46,44	1235777,27
2394	2007	-23,87	-46,44	1159506,53
2395	2008	-23,87	-46,44	1274365,95
2396	2009	-23,87	-46,44	1252028,31
2397	2010	-23,87	-46,44	1211016,82
2398	2011	-23,87	-46,44	1144801,45
2399	2012	-23,87	-46,44	1185784,6
2400	2013	-23,87	-46,44	1325987,13
2401	2014	-23,87	-46,44	1338116
2402	2015	-23,87	-46,44	1187641,13
2403	2016	-23,87	-46,44	1077360,57
2404	2017	-23,87	-46,44	1091602,2
2405	2018	-23,87	-46,44	1080972,1
2406	2019	-23,87	-46,44	1005286,75
2407	2020	-23,87	-46,44	1085072,43
2408	2021	-23,87	-46,44	1130455,56
2409	2022	-23,87	-46,44	1314444,95
2410	2023	-23,87	-46,44	194928,24
2411	1990	-5,13	-36,38	0
2412	1991	-5,13	-36,38	0
2413	1992	-5,13	-36,38	0
2414	1993	-5,13	-36,38	0
2415	1994	-5,13	-36,38	0
2416	1995	-5,13	-36,38	0
2417	1996	-5,13	-36,38	0
2418	1997	-5,13	-36,38	0
2419	1998	-5,13	-36,38	0
2420	1999	-5,13	-36,38	0
2421	2000	-5,13	-36,38	54043,36
2422	2001	-5,13	-36,38	48873,16
2423	2002	-5,13	-36,38	61194
2424	2003	-5,13	-36,38	64215,2
2425	2004	-5,13	-36,38	69867
2426	2005	-5,13	-36,38	105986,72
2427	2006	-5,13	-36,38	147221,2
2428	2007	-5,13	-36,38	156989
2429	2008	-5,13	-36,38	157840,76
2430	2009	-5,13	-36,38	225970,64
2431	2010	-5,13	-36,38	532117,6
2432	2011	-5,13	-36,38	556992,8
2433	2012	-5,13	-36,38	594010,48
2434	2013	-5,13	-36,38	605609,76
2435	2014	-5,13	-36,38	615594
2436	2015	-5,13	-36,38	551169,08
2437	2016	-5,13	-36,38	543927,16
2438	2017	-5,13	-36,38	538304,76
2439	2018	-5,13	-36,38	503920,48
2440	2019	-5,13	-36,38	514721,2
2441	2020	-5,13	-36,38	469315,28
2442	2021	-5,13	-36,38	462270,2
2443	2022	-5,13	-36,38	392811,44
2444	2023	-5,13	-36,38	68988,08
2445	1990	-5,13	-36,38	0
2446	1991	-5,13	-36,38	0
2447	1992	-5,13	-36,38	0
2448	1993	-5,13	-36,38	0
2449	1994	-5,13	-36,38	0
2450	1995	-5,13	-36,38	0
2451	1996	-5,13	-36,38	0
2452	1997	-5,13	-36,38	0
2453	1998	-5,13	-36,38	0
2454	1999	-5,13	-36,38	0
2455	2000	-5,13	-36,38	71414,44
2456	2001	-5,13	-36,38	64582,39
2457	2002	-5,13	-36,38	80863,5
2458	2003	-5,13	-36,38	84855,8
2459	2004	-5,13	-36,38	92324,25
2460	2005	-5,13	-36,38	140053,88
2461	2006	-5,13	-36,38	194542,3
2462	2007	-5,13	-36,38	207449,75
2463	2008	-5,13	-36,38	208575,29
2464	2009	-5,13	-36,38	298604,06
2465	2010	-5,13	-36,38	703155,4
2466	2011	-5,13	-36,38	736026,2
2467	2012	-5,13	-36,38	784942,42
2468	2013	-5,13	-36,38	800270,04
2469	2014	-5,13	-36,38	813463,5
2470	2015	-5,13	-36,38	728330,57
2471	2016	-5,13	-36,38	718760,89
2472	2017	-5,13	-36,38	711331,29
2473	2018	-5,13	-36,38	665894,92
2474	2019	-5,13	-36,38	680167,3
2475	2020	-5,13	-36,38	620166,62
2476	2021	-5,13	-36,38	610857,05
2477	2022	-5,13	-36,38	519072,26
2478	2023	-5,13	-36,38	91162,82
2479	1990	-5,13	-36,38	0
2480	1991	-5,13	-36,38	0
2481	1992	-5,13	-36,38	0
2482	1993	-5,13	-36,38	0
2483	1994	-5,13	-36,38	0
2484	1995	-5,13	-36,38	0
2485	1996	-5,13	-36,38	0
2486	1997	-5,13	-36,38	0
2487	1998	-5,13	-36,38	0
2488	1999	-5,13	-36,38	0
2489	2000	-5,13	-36,38	25091,56
2490	2001	-5,13	-36,38	22691,11
2491	2002	-5,13	-36,38	28411,5
2492	2003	-5,13	-36,38	29814,2
2493	2004	-5,13	-36,38	32438,25
2494	2005	-5,13	-36,38	49208,12
2495	2006	-5,13	-36,38	68352,7
2496	2007	-5,13	-36,38	72887,75
2497	2008	-5,13	-36,38	73283,21
2498	2009	-5,13	-36,38	104914,94
2499	2010	-5,13	-36,38	247054,6
2500	2011	-5,13	-36,38	258603,8
2501	2012	-5,13	-36,38	275790,58
2502	2013	-5,13	-36,38	281175,96
2503	2014	-5,13	-36,38	285811,5
2504	2015	-5,13	-36,38	255899,93
2505	2016	-5,13	-36,38	252537,61
2506	2017	-5,13	-36,38	249927,21
2507	2018	-5,13	-36,38	233963,08
2508	2019	-5,13	-36,38	238977,7
2509	2020	-5,13	-36,38	217896,38
2510	2021	-5,13	-36,38	214625,45
2511	2022	-5,13	-36,38	182376,74
2512	2023	-5,13	-36,38	32030,18
2513	1990	-5,13	-36,38	0
2514	1991	-5,13	-36,38	0
2515	1992	-5,13	-36,38	0
2516	1993	-5,13	-36,38	0
2517	1994	-5,13	-36,38	0
2518	1995	-5,13	-36,38	0
2519	1996	-5,13	-36,38	0
2520	1997	-5,13	-36,38	0
2521	1998	-5,13	-36,38	0
2522	1999	-5,13	-36,38	0
2523	2000	-5,13	-36,38	25091,56
2524	2001	-5,13	-36,38	22691,11
2525	2002	-5,13	-36,38	28411,5
2526	2003	-5,13	-36,38	29814,2
2527	2004	-5,13	-36,38	32438,25
2528	2005	-5,13	-36,38	49208,12
2529	2006	-5,13	-36,38	68352,7
2530	2007	-5,13	-36,38	72887,75
2531	2008	-5,13	-36,38	73283,21
2532	2009	-5,13	-36,38	104914,94
2533	2010	-5,13	-36,38	247054,6
2534	2011	-5,13	-36,38	258603,8
2535	2012	-5,13	-36,38	275790,58
2536	2013	-5,13	-36,38	281175,96
2537	2014	-5,13	-36,38	285811,5
2538	2015	-5,13	-36,38	255899,93
2539	2016	-5,13	-36,38	252537,61
2540	2017	-5,13	-36,38	249927,21
2541	2018	-5,13	-36,38	233963,08
2542	2019	-5,13	-36,38	238977,7
2543	2020	-5,13	-36,38	217896,38
2544	2021	-5,13	-36,38	214625,45
2545	2022	-5,13	-36,38	182376,74
2546	2023	-5,13	-36,38	32030,18
2547	1990	-23,14	-47,02	0
2548	1991	-23,14	-47,02	0
2549	1992	-23,14	-47,02	0
2550	1993	-23,14	-47,02	0
2551	1994	-23,14	-47,02	0
2552	1995	-23,14	-47,02	0
2553	1996	-23,14	-47,02	0
2554	1997	-23,14	-47,02	0
2555	1998	-23,14	-47,02	0
2556	1999	-23,14	-47,02	0
2557	2000	-23,14	-47,02	0
2558	2001	-23,14	-47,02	0
2559	2002	-23,14	-47,02	0
2560	2003	-23,14	-47,02	0
2561	2004	-23,14	-47,02	0
2562	2005	-23,14	-47,02	0
2563	2006	-23,14	-47,02	44201,92
2564	2007	-23,14	-47,02	82521,32
2565	2008	-23,14	-47,02	32984
2566	2009	-23,14	-47,02	111808,48
2567	2010	-23,14	-47,02	139452,32
2568	2011	-23,14	-47,02	84820,68
2569	2012	-23,14	-47,02	12841,08
2570	2013	-23,14	-47,02	1042,16
2571	2014	-23,14	-47,02	288,4
2572	2015	-23,14	-47,02	0
2573	2016	-23,14	-47,02	0
2574	2017	-23,14	-47,02	0
2575	2018	-23,14	-47,02	0
2576	2019	-23,14	-47,02	0
2577	2020	-23,14	-47,02	0
2578	2021	-23,14	-47,02	0
2579	2022	-23,14	-47,02	0
2580	2023	-23,14	-47,02	0
2581	1990	-23,14	-47,02	0
2582	1991	-23,14	-47,02	0
2583	1992	-23,14	-47,02	0
2584	1993	-23,14	-47,02	0
2585	1994	-23,14	-47,02	0
2586	1995	-23,14	-47,02	0
2587	1996	-23,14	-47,02	0
2588	1997	-23,14	-47,02	0
2589	1998	-23,14	-47,02	0
2590	1999	-23,14	-47,02	0
2591	2000	-23,14	-47,02	0
2592	2001	-23,14	-47,02	0
2593	2002	-23,14	-47,02	0
2594	2003	-23,14	-47,02	0
2595	2004	-23,14	-47,02	0
2596	2005	-23,14	-47,02	0
2597	2006	-23,14	-47,02	58409,68
2598	2007	-23,14	-47,02	109046,03
2599	2008	-23,14	-47,02	43586
2600	2009	-23,14	-47,02	147746,92
2601	2010	-23,14	-47,02	184276,28
2602	2011	-23,14	-47,02	112084,47
2603	2012	-23,14	-47,02	16968,57
2604	2013	-23,14	-47,02	1377,14
2605	2014	-23,14	-47,02	381,1
2606	2015	-23,14	-47,02	0
2607	2016	-23,14	-47,02	0
2608	2017	-23,14	-47,02	0
2609	2018	-23,14	-47,02	0
2610	2019	-23,14	-47,02	0
2611	2020	-23,14	-47,02	0
2612	2021	-23,14	-47,02	0
2613	2022	-23,14	-47,02	0
2614	2023	-23,14	-47,02	0
2615	1990	-23,14	-47,02	0
2616	1991	-23,14	-47,02	0
2617	1992	-23,14	-47,02	0
2618	1993	-23,14	-47,02	0
2619	1994	-23,14	-47,02	0
2620	1995	-23,14	-47,02	0
2621	1996	-23,14	-47,02	0
2622	1997	-23,14	-47,02	0
2623	1998	-23,14	-47,02	0
2624	1999	-23,14	-47,02	0
2625	2000	-23,14	-47,02	0
2626	2001	-23,14	-47,02	0
2627	2002	-23,14	-47,02	0
2628	2003	-23,14	-47,02	0
2629	2004	-23,14	-47,02	0
2630	2005	-23,14	-47,02	0
2631	2006	-23,14	-47,02	20522,32
2632	2007	-23,14	-47,02	38313,47
2633	2008	-23,14	-47,02	15314
2634	2009	-23,14	-47,02	51911,08
2635	2010	-23,14	-47,02	64745,72
2636	2011	-23,14	-47,02	39381,03
2637	2012	-23,14	-47,02	5961,93
2638	2013	-23,14	-47,02	483,86
2639	2014	-23,14	-47,02	133,9
2640	2015	-23,14	-47,02	0
2641	2016	-23,14	-47,02	0
2642	2017	-23,14	-47,02	0
2643	2018	-23,14	-47,02	0
2644	2019	-23,14	-47,02	0
2645	2020	-23,14	-47,02	0
2646	2021	-23,14	-47,02	0
2647	2022	-23,14	-47,02	0
2648	2023	-23,14	-47,02	0
2649	1990	-23,14	-47,02	0
2650	1991	-23,14	-47,02	0
2651	1992	-23,14	-47,02	0
2652	1993	-23,14	-47,02	0
2653	1994	-23,14	-47,02	0
2654	1995	-23,14	-47,02	0
2655	1996	-23,14	-47,02	0
2656	1997	-23,14	-47,02	0
2657	1998	-23,14	-47,02	0
2658	1999	-23,14	-47,02	0
2659	2000	-23,14	-47,02	0
2660	2001	-23,14	-47,02	0
2661	2002	-23,14	-47,02	0
2662	2003	-23,14	-47,02	0
2663	2004	-23,14	-47,02	0
2664	2005	-23,14	-47,02	0
2665	2006	-23,14	-47,02	20522,32
2666	2007	-23,14	-47,02	38313,47
2667	2008	-23,14	-47,02	15314
2668	2009	-23,14	-47,02	51911,08
2669	2010	-23,14	-47,02	64745,72
2670	2011	-23,14	-47,02	39381,03
2671	2012	-23,14	-47,02	5961,93
2672	2013	-23,14	-47,02	483,86
2673	2014	-23,14	-47,02	133,9
2674	2015	-23,14	-47,02	0
2675	2016	-23,14	-47,02	0
2676	2017	-23,14	-47,02	0
2677	2018	-23,14	-47,02	0
2678	2019	-23,14	-47,02	0
2679	2020	-23,14	-47,02	0
2680	2021	-23,14	-47,02	0
2681	2022	-23,14	-47,02	0
2682	2023	-23,14	-47,02	0
2683	1990	-8,38	-35,01	0
2684	1991	-8,38	-35,01	0
2685	1992	-8,38	-35,01	0
2686	1993	-8,38	-35,01	0
2687	1994	-8,38	-35,01	0
2688	1995	-8,38	-35,01	0
2689	1996	-8,38	-35,01	0
2690	1997	-8,38	-35,01	0
2691	1998	-8,38	-35,01	0
2692	1999	-8,38	-35,01	0
2693	2000	-8,38	-35,01	0
2694	2001	-8,38	-35,01	0
2695	2002	-8,38	-35,01	0
2696	2003	-8,38	-35,01	0
2697	2004	-8,38	-35,01	0
2698	2005	-8,38	-35,01	0
2699	2006	-8,38	-35,01	0
2700	2007	-8,38	-35,01	0
2701	2008	-8,38	-35,01	0
2702	2009	-8,38	-35,01	0
2703	2010	-8,38	-35,01	0
2704	2011	-8,38	-35,01	0
2705	2012	-8,38	-35,01	0
2706	2013	-8,38	-35,01	0
2707	2014	-8,38	-35,01	56960,12
2708	2015	-8,38	-35,01	1029463,96
2709	2016	-8,38	-35,01	1394403,36
2710	2017	-8,38	-35,01	1225390,88
2711	2018	-8,38	-35,01	1280056,12
2712	2019	-8,38	-35,01	1352702,96
2713	2020	-8,38	-35,01	1654014,88
2714	2021	-8,38	-35,01	1128982,68
2715	2022	-8,38	-35,01	1187488,96
2716	2023	-8,38	-35,01	208774,44
2717	1990	-8,38	-35,01	0
2718	1991	-8,38	-35,01	0
2719	1992	-8,38	-35,01	0
2720	1993	-8,38	-35,01	0
2721	1994	-8,38	-35,01	0
2722	1995	-8,38	-35,01	0
2723	1996	-8,38	-35,01	0
2724	1997	-8,38	-35,01	0
2725	1998	-8,38	-35,01	0
2726	1999	-8,38	-35,01	0
2727	2000	-8,38	-35,01	0
2728	2001	-8,38	-35,01	0
2729	2002	-8,38	-35,01	0
2730	2003	-8,38	-35,01	0
2731	2004	-8,38	-35,01	0
2732	2005	-8,38	-35,01	0
2733	2006	-8,38	-35,01	0
2734	2007	-8,38	-35,01	0
2735	2008	-8,38	-35,01	0
2736	2009	-8,38	-35,01	0
2737	2010	-8,38	-35,01	0
2738	2011	-8,38	-35,01	0
2739	2012	-8,38	-35,01	0
2740	2013	-8,38	-35,01	0
2741	2014	-8,38	-35,01	75268,73
2742	2015	-8,38	-35,01	1360363,09
2743	2016	-8,38	-35,01	1842604,44
2744	2017	-8,38	-35,01	1619266,52
2745	2018	-8,38	-35,01	1691502,73
2746	2019	-8,38	-35,01	1787500,34
2747	2020	-8,38	-35,01	2185662,52
2748	2021	-8,38	-35,01	1491869,97
2749	2022	-8,38	-35,01	1569181,84
2750	2023	-8,38	-35,01	275880,51
2751	1990	-8,38	-35,01	0
2752	1991	-8,38	-35,01	0
2753	1992	-8,38	-35,01	0
2754	1993	-8,38	-35,01	0
2755	1994	-8,38	-35,01	0
2756	1995	-8,38	-35,01	0
2757	1996	-8,38	-35,01	0
2758	1997	-8,38	-35,01	0
2759	1998	-8,38	-35,01	0
2760	1999	-8,38	-35,01	0
2761	2000	-8,38	-35,01	0
2762	2001	-8,38	-35,01	0
2763	2002	-8,38	-35,01	0
2764	2003	-8,38	-35,01	0
2765	2004	-8,38	-35,01	0
2766	2005	-8,38	-35,01	0
2767	2006	-8,38	-35,01	0
2768	2007	-8,38	-35,01	0
2769	2008	-8,38	-35,01	0
2770	2009	-8,38	-35,01	0
2771	2010	-8,38	-35,01	0
2772	2011	-8,38	-35,01	0
2773	2012	-8,38	-35,01	0
2774	2013	-8,38	-35,01	0
2775	2014	-8,38	-35,01	36617,22
2776	2015	-8,38	-35,01	661798,26
2777	2016	-8,38	-35,01	896402,16
2778	2017	-8,38	-35,01	787751,28
2779	2018	-8,38	-35,01	822893,22
2780	2019	-8,38	-35,01	869594,76
2781	2020	-8,38	-35,01	1063295,28
2782	2021	-8,38	-35,01	725774,58
2783	2022	-8,38	-35,01	763385,76
2784	2023	-8,38	-35,01	134212,14
2785	1990	-8,38	-35,01	0
2786	1991	-8,38	-35,01	0
2787	1992	-8,38	-35,01	0
2788	1993	-8,38	-35,01	0
2789	1994	-8,38	-35,01	0
2790	1995	-8,38	-35,01	0
2791	1996	-8,38	-35,01	0
2792	1997	-8,38	-35,01	0
2793	1998	-8,38	-35,01	0
2794	1999	-8,38	-35,01	0
2795	2000	-8,38	-35,01	0
2796	2001	-8,38	-35,01	0
2797	2002	-8,38	-35,01	0
2798	2003	-8,38	-35,01	0
2799	2004	-8,38	-35,01	0
2800	2005	-8,38	-35,01	0
2801	2006	-8,38	-35,01	0
2802	2007	-8,38	-35,01	0
2803	2008	-8,38	-35,01	0
2804	2009	-8,38	-35,01	0
2805	2010	-8,38	-35,01	0
2806	2011	-8,38	-35,01	0
2807	2012	-8,38	-35,01	0
2808	2013	-8,38	-35,01	0
2809	2014	-8,38	-35,01	73234,44
2810	2015	-8,38	-35,01	1323596,52
2811	2016	-8,38	-35,01	1792804,32
2812	2017	-8,38	-35,01	1575502,56
2813	2018	-8,38	-35,01	1645786,44
2814	2019	-8,38	-35,01	1739189,52
2815	2020	-8,38	-35,01	2126590,56
2816	2021	-8,38	-35,01	1451549,16
2817	2022	-8,38	-35,01	1526771,52
2818	2023	-8,38	-35,01	268424,28
2819	1990	-8,38	-35,01	0
2820	1991	-8,38	-35,01	0
2821	1992	-8,38	-35,01	0
2822	1993	-8,38	-35,01	0
2823	1994	-8,38	-35,01	0
2824	1995	-8,38	-35,01	0
2825	1996	-8,38	-35,01	0
2826	1997	-8,38	-35,01	0
2827	1998	-8,38	-35,01	0
2828	1999	-8,38	-35,01	0
2829	2000	-8,38	-35,01	0
2830	2001	-8,38	-35,01	0
2831	2002	-8,38	-35,01	0
2832	2003	-8,38	-35,01	0
2833	2004	-8,38	-35,01	0
2834	2005	-8,38	-35,01	0
2835	2006	-8,38	-35,01	0
2836	2007	-8,38	-35,01	0
2837	2008	-8,38	-35,01	0
2838	2009	-8,38	-35,01	0
2839	2010	-8,38	-35,01	0
2840	2011	-8,38	-35,01	0
2841	2012	-8,38	-35,01	0
2842	2013	-8,38	-35,01	0
2843	2014	-8,38	-35,01	26445,77
2844	2015	-8,38	-35,01	477965,41
2845	2016	-8,38	-35,01	647401,56
2846	2017	-8,38	-35,01	568931,48
2847	2018	-8,38	-35,01	594311,77
2848	2019	-8,38	-35,01	628040,66
2849	2020	-8,38	-35,01	767935,48
2850	2021	-8,38	-35,01	524170,53
2851	2022	-8,38	-35,01	551334,16
2852	2023	-8,38	-35,01	96930,99
2853	1990	-8,38	-35,01	0
2854	1991	-8,38	-35,01	0
2855	1992	-8,38	-35,01	0
2856	1993	-8,38	-35,01	0
2857	1994	-8,38	-35,01	0
2858	1995	-8,38	-35,01	0
2859	1996	-8,38	-35,01	0
2860	1997	-8,38	-35,01	0
2861	1998	-8,38	-35,01	0
2862	1999	-8,38	-35,01	0
2863	2000	-8,38	-35,01	0
2864	2001	-8,38	-35,01	0
2865	2002	-8,38	-35,01	0
2866	2003	-8,38	-35,01	0
2867	2004	-8,38	-35,01	0
2868	2005	-8,38	-35,01	0
2869	2006	-8,38	-35,01	0
2870	2007	-8,38	-35,01	0
2871	2008	-8,38	-35,01	0
2872	2009	-8,38	-35,01	0
2873	2010	-8,38	-35,01	0
2874	2011	-8,38	-35,01	0
2875	2012	-8,38	-35,01	0
2876	2013	-8,38	-35,01	0
2877	2014	-8,38	-35,01	26445,77
2878	2015	-8,38	-35,01	477965,41
2879	2016	-8,38	-35,01	647401,56
2880	2017	-8,38	-35,01	568931,48
2881	2018	-8,38	-35,01	594311,77
2882	2019	-8,38	-35,01	628040,66
2883	2020	-8,38	-35,01	767935,48
2884	2021	-8,38	-35,01	524170,53
2885	2022	-8,38	-35,01	551334,16
2886	2023	-8,38	-35,01	96930,99
2887	2000	-21,37	-50,28	0
2888	2001	-21,37	-50,28	0
2889	2002	-21,37	-50,28	0
2890	2003	-21,37	-50,28	0
2891	2004	-21,37	-50,28	0
2892	2005	-21,37	-50,28	0
2893	2006	-21,37	-50,28	0
2894	2007	-21,37	-50,28	0
2895	2008	-21,37	-50,28	0
2896	2009	-21,37	-50,28	0
2897	2010	-21,37	-50,28	0
2898	2011	-21,37	-50,28	0
2899	2012	-21,37	-50,28	0
2900	2013	-21,37	-50,28	0
2901	2014	-21,37	-50,28	0
2902	2015	-21,37	-50,28	0
2903	2016	-21,37	-50,28	0
2904	2017	-21,37	-50,28	0
2905	2018	-21,37	-50,28	0
2906	2019	-21,37	-50,28	0
2907	2020	-21,37	-50,28	0
2908	2021	-21,37	-50,28	0
2909	2022	-21,37	-50,28	2931,32
2910	2023	-21,37	-50,28	100,8
2911	2000	-21,37	-50,28	0
2912	2001	-21,37	-50,28	0
2913	2002	-21,37	-50,28	0
2914	2003	-21,37	-50,28	0
2915	2004	-21,37	-50,28	0
2916	2005	-21,37	-50,28	0
2917	2006	-21,37	-50,28	0
2918	2007	-21,37	-50,28	0
2919	2008	-21,37	-50,28	0
2920	2009	-21,37	-50,28	0
2921	2010	-21,37	-50,28	0
2922	2011	-21,37	-50,28	0
2923	2012	-21,37	-50,28	0
2924	2013	-21,37	-50,28	0
2925	2014	-21,37	-50,28	0
2926	2015	-21,37	-50,28	0
2927	2016	-21,37	-50,28	0
2928	2017	-21,37	-50,28	0
2929	2018	-21,37	-50,28	0
2930	2019	-21,37	-50,28	0
2931	2020	-21,37	-50,28	0
2932	2021	-21,37	-50,28	0
2933	2022	-21,37	-50,28	3873,53
2934	2023	-21,37	-50,28	133,2
2935	2000	-21,37	-50,28	0
2936	2001	-21,37	-50,28	0
2937	2002	-21,37	-50,28	0
2938	2003	-21,37	-50,28	0
2939	2004	-21,37	-50,28	0
2940	2005	-21,37	-50,28	0
2941	2006	-21,37	-50,28	0
2942	2007	-21,37	-50,28	0
2943	2008	-21,37	-50,28	0
2944	2009	-21,37	-50,28	0
2945	2010	-21,37	-50,28	0
2946	2011	-21,37	-50,28	0
2947	2012	-21,37	-50,28	0
2948	2013	-21,37	-50,28	0
2949	2014	-21,37	-50,28	0
2950	2015	-21,37	-50,28	0
2951	2016	-21,37	-50,28	0
2952	2017	-21,37	-50,28	0
2953	2018	-21,37	-50,28	0
2954	2019	-21,37	-50,28	0
2955	2020	-21,37	-50,28	0
2956	2021	-21,37	-50,28	0
2957	2022	-21,37	-50,28	3768,84
2958	2023	-21,37	-50,28	129,6
2959	2000	-21,37	-50,28	0
2960	2001	-21,37	-50,28	0
2961	2002	-21,37	-50,28	0
2962	2003	-21,37	-50,28	0
2963	2004	-21,37	-50,28	0
2964	2005	-21,37	-50,28	0
2965	2006	-21,37	-50,28	0
2966	2007	-21,37	-50,28	0
2967	2008	-21,37	-50,28	0
2968	2009	-21,37	-50,28	0
2969	2010	-21,37	-50,28	0
2970	2011	-21,37	-50,28	0
2971	2012	-21,37	-50,28	0
2972	2013	-21,37	-50,28	0
2973	2014	-21,37	-50,28	0
2974	2015	-21,37	-50,28	0
2975	2016	-21,37	-50,28	0
2976	2017	-21,37	-50,28	0
2977	2018	-21,37	-50,28	0
2978	2019	-21,37	-50,28	0
2979	2020	-21,37	-50,28	0
2980	2021	-21,37	-50,28	0
2981	2022	-21,37	-50,28	1360,97
2982	2023	-21,37	-50,28	46,8
2983	2000	-21,37	-50,28	0
2984	2001	-21,37	-50,28	0
2985	2002	-21,37	-50,28	0
2986	2003	-21,37	-50,28	0
2987	2004	-21,37	-50,28	0
2988	2005	-21,37	-50,28	0
2989	2006	-21,37	-50,28	0
2990	2007	-21,37	-50,28	0
2991	2008	-21,37	-50,28	0
2992	2009	-21,37	-50,28	0
2993	2010	-21,37	-50,28	0
2994	2011	-21,37	-50,28	0
2995	2012	-21,37	-50,28	0
2996	2013	-21,37	-50,28	0
2997	2014	-21,37	-50,28	0
2998	2015	-21,37	-50,28	0
2999	2016	-21,37	-50,28	0
3000	2017	-21,37	-50,28	0
3001	2018	-21,37	-50,28	0
3002	2019	-21,37	-50,28	0
3003	2020	-21,37	-50,28	0
3004	2021	-21,37	-50,28	0
3005	2022	-21,37	-50,28	1360,97
3006	2023	-21,37	-50,28	46,8
